8.288888888888888
518.1111111111111
45
0.9188354175231584
0.8490566037735849
0.6851946290138451
12.522065411860627
4.941719728036632
0.66169935
4.242105263157894
528.9473684210526
95
0.8187504097734857
0.7851239669421488
0.6342474708875001
15.7088044758326
9.019203851634964
0.9614448
18.333333333333332
530.6666666666666
3
0.816496580927726
1.0
3.2340725067158833
2.3094010767585034
1.3333333333333333
0.98692816
30.307692307692307
533.9230769230769
13
0.8999331323389541
0.8666666666666667
1.4480921565836788
6.075474289136743
2.6490764890577694
0.9390649
12.153846153846153
539.2307692307693
13
0.7755409198914862
0.8666666666666667
1.4960345580973047
5.138212647043901
3.243739773291783
1.0
88.22222222222223
553.7037037037037
27
0.9440682574413788
0.8709677419354839
0.8598880610108872
10.29488518331722
3.3947393693841508
0.8607117
167.36111111111111
573.5555555555555
36
0.9802883067221402
0.8372093023255814
0.5118977932745539
15.438214670234547
3.05016443891092
0.7937909
140.8448275862069
575.2758620689655
58
0.9866708912055573
0.6987951807228916
0.4144612814844722
23.421370867964942
3.8113236666696033
0.9048682
11.363636363636363
577.4545454545455
11
0.49792959773196926
0.9166666666666666
1.4822832322447796
4.0
3.4688698233343476
0.87486625
184.8913043478261
580.6521739130435
46
0.9901217181883719
0.8070175438596491
0.41438507196035645
20.607215716463596
2.8893479355453957
0.76436484
158.28571428571428
579.8571428571429
7
0.8785816084295587
0.7777777777777778
1.6002127302753708
4.375345285424217
2.089630999709931
0.94173676
203.0
588.0731707317074
41
0.980111664739115
0.8367346938775511
0.5173926019358503
16.197613615510885
3.2143642718019843
0.78727883
221.28571428571428
596.5714285714286
21
0.9835218015866235
0.6
0.6573963959167339
14.713555690404434
2.660057291809232
0.7762839
237.75
603.75
4
0.9128709291752769
0.8
4.887007608661263
3.4641016151377544
1.4142135623730951
0.7686274
252.2
613.0
10
0.6123724356957946
1.0
1.612290114395414
3.9191835884530852
3.0983866769659336
0.7854902
268.90909090909093
619.7272727272727
11
0.7922952394012115
0.7857142857142857
1.3725291727209639
5.1570618376938135
3.146518865476125
0.7971479
81.10344827586206
639.8620689655172
29
0.7893552778916428
0.9354838709677419
1.0950462278531092
7.75625588609026
4.761849976662356
0.38012177
336.40236686390534
735.1183431952662
169
0.6502557231259809
0.949438202247191
0.9527295414034207
16.914811029353075
12.850442488815366
0.776053
492.6666666666667
801.5333333333333
15
0.7131795312507127
1.0
1.3871977968913514
5.148879227269528
3.609268690575713
0.6188236
554.75
864.625
16
0.6909215708782885
0.7619047619047619
1.1526951565190382
6.105006279630599
4.41349049230549
0.58897066
600.4117647058823
900.1911764705883
68
0.93314854705091
0.7906976744186046
0.6334700118184792
16.540305760213123
5.946091289379637
0.78039217
663.7368421052631
976.8421052631579
19
0.6351269473573574
0.9047619047619048
1.1770161688565013
5.635331499594026
4.352773827999406
0.59153765
5.642857142857143
1046.9285714285713
14
0.5512523762486937
0.875
1.2947179437652614
4.653822556464807
3.882863568359103
0.88151264
6.333333333333333
1197.0
3
0.97372313034591
0.75
25.872580053727066
3.677088528342677
0.8374020402130087
0.675817
733.4074074074074
1203.0740740740741
27
0.5724125976557588
1.0
1.2860574036336336
6.421500681256117
5.2654105708259085
0.4246914
429.4
1214.8
5
0.816496580927726
1.0
2.3173247538676778
3.098386676965933
1.7888543819998317
0.4384314
600.8543689320388
1235.504854368932
103
0.6465168194653448
0.9363636363636364
0.9908763575367463
13.1480619395662
10.030652939172283
0.7789834
677.3333333333334
1233.3333333333333
3
0.816496580927726
1.0
3.2340725067158833
2.3094010767585034
1.3333333333333333
0.29411766
651.4166666666666
1244.3333333333333
24
0.5119201518509484
0.9230769230769231
1.1930384709859612
5.978160075788583
5.135437003737711
0.30228758
636.8666666666667
1261.6666666666667
15
0.9317960473136638
0.7894736842105263
1.1453924082799836
7.7097070007997885
2.7984869256313925
0.45960787
201.0
1267.0
3
1.0
1.0
37.69911184307752
3.265986323710904
0.0
0.63267976
231.91935483870967
1282.516129032258
62
0.8318908344401019
0.8857142857142857
0.7428818541346687
12.16525696091274
6.750979323495579
0.66160655
223.6
1288.2
5
0.816496580927726
1.0
2.3173247538676778
3.098386676965933
1.7888543819998317
0.6901961
298.6
1291.64
25
0.6249128029922598
0.9615384615384616
1.1907938922533645
6.423350760437065
5.01467496537837
0.5369412
2.0
1323.0
3
1.0
1.0
37.69911184307752
3.265986323710904
0.0
0.52287585
5.857142857142857
1325.857142857143
7
0.8021087259367566
0.7777777777777778
2.4147741383478594
4.0456382356289255
2.415966245432733
0.5630253
82.87209302325581
1453.8720930232557
86
0.6694652616611619
0.9052631578947369
0.827333657749128
12.480336350545958
9.270935038408009
0.60902876
250.78151260504202
1534.719887955182
357
0.8388703056174175
0.6774193548387096
0.34135689376740913
36.18771592466801
19.69810798880636
0.8173999
132.4
1544.6
15
0.4898979485566357
1.0
1.446802115179039
4.618802153517006
4.026578365477733
0.42196077
254.18333333333334
1553.4166666666667
60
0.9345045144067765
0.7894736842105263
0.5695366755033309
15.54938879792494
5.534824820059272
0.8750327
240.03846153846155
1554.0
26
0.7097690133085948
0.896551724137931
1.0004965163477828
7.111465053345805
5.009561243092632
0.7900453
212.875
1584.875
8
0.6123724356957945
1.0
1.8288145488861385
3.4641016151377544
2.7386127875258306
0.33529413
273.0439024390244
1600.1674796747968
615
0.9068122127267527
0.888728323699422
0.6058064197986813
43.987859129455416
18.54241461305491
0.9502183
523.9827586206897
1649.6379310344828
58
0.7844167376398388
0.8656716417910447
0.8831397440622895
11.045360918285835
6.850709870386031
0.67065585
551.130890052356
1657.3089005235602
191
0.7695201747139825
0.8565022421524664
0.7430512695760725
20.086200889520136
12.827499877921454
0.7709475
536.5555555555555
1650.888888888889
9
0.8606629658238704
0.9
1.947116515222565
4.618802153517006
2.3517789431685254
0.48496735
466.87640449438203
1661.9550561797753
89
0.7852401519948908
0.9175257731958762
0.9273470064055445
13.638956431315018
8.445123578552
0.7018286
647.7386363636364
1682.6136363636363
88
0.7966454296159868
0.7857142857142857
0.6456710463683558
14.65069786513892
8.855568962590194
0.78663105
561.7307692307693
1682.3846153846155
26
0.17502309484873402
0.9285714285714286
1.0899410497465012
5.896543968226707
5.8055268504963715
0.5576169
571.280303030303
1691.310606060606
132
0.5796679815818291
0.7374301675977654
0.5128808193559069
16.441354336505636
13.397283066674808
0.6539513
658.8333333333334
1685.3333333333333
6
0.487950036474267
0.8571428571428571
1.8326278532479736
3.0550504633038935
2.6666666666666665
0.66732025
353.0769230769231
1702.8461538461538
13
0.6567110508226547
0.8125
1.292458343568125
4.90099197751629
3.6960453202175483
0.5978884
871.5714285714286
1711.857142857143
7
0.7268710698001566
0.875
1.676926484963791
3.648665604076859
2.505808461219716
0.27226892
811.8931297709923
1721.9312977099237
131
0.4400405271806232
0.916083916083916
0.8487003486264189
13.898504938270166
12.48055047533474
0.8231702
825.6666666666666
1719.6666666666667
3
0.816496580927726
1.0
3.2340725067158833
2.3094010767585034
1.3333333333333333
0.5058823
857.8421052631579
1734.3834586466166
266
0.9509995782182704
0.7940298507462686
0.3626091167273536
36.44896751686854
11.269735610677701
0.79541504
694.625
1758.03125
32
0.7835774367852213
0.8888888888888888
0.9359406462838954
8.33263765887559
5.177018895647216
0.61764705
745.3333333333334
1828.6666666666667
3
0.816496580927726
1.0
3.2340725067158833
2.3094010767585034
1.3333333333333333
0.5124183
695.689552238806
1862.4955223880597
335
0.8082697888164755
0.7362637362637363
0.32071841335149454
32.781884795229224
19.302377648680437
0.8272403
314.3333333333333
1849.5
6
0.9067647005823629
0.8571428571428571
1.8326278532479736
4.47213595499958
1.8856180831641267
0.49738562
770.9722222222222
1859.111111111111
108
0.9392559912640763
0.8244274809160306
0.6345032614634215
20.892997009519597
7.17084008782398
0.7582424
725.8055555555555
1859.6203703703704
108
0.7298305127645274
0.8
0.5880281826102792
15.173388165883559
10.37295500546864
0.58779955
716.7894736842105
1857.2105263157894
19
0.5726155567951338
0.9047619047619048
1.1770161688565013
5.511452796076387
4.518421388486779
0.45717233
6.0
1861.0
5
1.0
1.0
6.981317007977318
5.656854249492381
0.0
0.5286275
765.5555555555555
1868.0833333333333
72
0.8174660318795084
0.782608695652174
0.576170250440883
13.980170193661081
8.052253844331675
0.60315907
756.2
1867.6
5
0.9241763718304448
0.8333333333333334
3.224580228790828
4.093338188813543
1.5635160606788383
0.4282353
755.5111111111111
1875.1333333333334
90
0.8750382949654927
0.9574468085106383
0.838416192112693
15.466685607171646
7.486706360702188
0.6500218
612.8487394957983
1881.4033613445379
119
0.8217292582841577
0.937007874015748
0.8659285359402944
16.620921400957872
9.471898776031635
0.66017467
765.90625
1881.78125
32
0.8395931257099377
0.9411764705882353
1.040714983675126
8.658581953420684
4.7034783464897165
0.8860294
670.7142857142857
1882.4285714285713
7
0.8886656215775005
1.0
1.6935030795523165
4.155374705678736
1.9054711331003737
0.5462185
674.3333333333334
1883.6666666666667
3
0.816496580927726
1.0
3.2340725067158833
2.3094010767585034
1.3333333333333333
0.50326794
699.1428571428571
1892.7619047619048
63
0.9192107398792196
0.875
0.7663037572514328
14.642766689290564
5.765822793078945
0.5736696
776.0235294117647
1915.0117647058823
85
0.725059518740096
0.9239130434782609
0.9163205435695002
12.668253279032557
8.72445132371104
0.594879
572.0
1917.1739130434783
23
0.12869789041755736
1.0
1.314460457011912
5.405311397537409
5.360360002581718
0.5372549
862.4594594594595
1928.837837837838
37
0.7744996514174082
0.9024390243902439
0.9880907967510524
8.755619452206666
5.538580157016162
0.28616855
873.4347826086956
1932.1304347826087
23
0.931315362772029
0.92
0.8458348381843427
8.944475322329797
3.2577013824290537
0.67007685
837.6
1935.6
15
0.4898979485566357
1.0
1.446802115179039
4.618802153517006
4.026578365477733
0.35607845
843.0625
1938.1875
16
0.6722989825634339
0.8421052631578947
1.1768136879086513
5.293370478094557
3.918574866151851
0.31102943
526.2394822006472
1956.2135922330096
309
0.9146324021101186
0.8753541076487252
0.5667964583176762
32.22579400528452
13.028453265973129
0.74636716
769.6
1986.04
25
0.765862825943872
0.9615384615384616
1.155998164076126
7.0239704274215775
4.516441014195484
0.72705877
394.6533333333333
1991.6933333333334
225
0.9149212241709905
0.8620689655172413
0.606388595009228
27.32984387380146
11.031211802591622
0.68712866
762.1785714285714
1991.107142857143
28
0.6150635128763404
0.9333333333333333
1.02971197692007
6.891568352589259
5.433847053870348
0.48473388
750.8
1992.65
40
0.8200044841743471
0.9090909090909091
0.9941987258216338
9.499395947401954
5.4370466831252555
0.6033333
442.8
2072.6
5
0.816496580927726
1.0
2.3173247538676778
3.098386676965933
1.7888543819998317
0.39058825
732.0731707317074
2150.7154471544713
123
0.6162027144441029
0.9389312977099237
0.9364326596522553
14.295093126612755
11.258637969731804
0.6568149
554.9090909090909
2157.2272727272725
22
0.3579789930628062
0.9565217391304348
1.25731000235922
5.49379815626841
5.129722174423958
0.45347592
535.5
2200.125
8
0.6746451779882773
0.8888888888888888
2.0309803908983444
3.7521995422010908
2.7696567649270056
0.23480394
881.0
2209.0
9
0.0
1.0
1.7671458676442586
3.265986323710904
3.265986323710904
0.32418302
445.4166666666667
2267.75
72
0.8541725285941236
0.8275862068965517
0.8152604943534597
13.674585896329772
7.110643861103891
0.6875817
539.1081081081081
2311.0135135135133
148
0.9230499393326818
0.8131868131868132
0.47417928702071493
23.520045680215027
9.04769444634723
0.87933224
308.6
2314.8
15
0.9437760131058485
0.8333333333333334
1.0106476583487134
7.721261776454611
2.552537935622962
0.2831373
297.8
2321.4
5
0.816496580927726
1.0
2.3173247538676778
3.098386676965933
1.7888543819998317
0.23529413
302.44444444444446
2328.837037037037
135
0.9595163803032438
0.7714285714285715
0.44565074305410163
26.777161449135775
7.541863267421066
0.6354975
525.4251134644478
2351.065052950076
661
0.9602397472014599
0.8640522875816994
0.4253722246593038
55.9490908149631
15.619682348487476
0.90902084
477.19565217391306
2364.858695652174
92
0.9276253741259651
0.9019607843137255
0.7174584311950493
18.112974860341183
6.765412281181177
0.6352089
234.3548387096774
2374.1935483870966
62
0.8766509686971691
0.8857142857142857
0.8122755109675945
13.107584801429121
6.306411440106668
0.5233397
155.6
2391.4
15
0.4898979485566355
1.0
1.446802115179039
4.618802153517006
4.026578365477733
0.3487582
11.0
2413.5
6
0.7905694150420949
1.0
2.0943951023931953
3.265986323710904
2.0
0.47058824
514.5131578947369
2445.6052631578946
76
0.8907880331242412
0.9156626506024096
0.7658378043378217
14.857995967788453
6.751756527674389
0.668937
88.0909090909091
2543.090909090909
22
0.4282593998234223
1.0
1.3628608270970017
5.502816709244202
4.972652484064489
0.4597148
469.16129032258067
2558.6532258064517
124
0.7498844945996022
0.9323308270676691
0.8673847019497959
15.505804270142146
10.258155944639016
0.7268501
436.73263157894735
2574.0263157894738
950
0.3661245881877683
0.6699576868829337
0.19682394318453922
44.50229786039422
41.412318270477606
0.8899608
460.0
2575.5
28
0.622166912169471
1.0
1.2424554991254615
6.707767380502277
5.251407938876791
0.7725491
466.3809523809524
2616.0476190476193
21
0.7274669401354279
0.9545454545454546
1.1944281843072928
6.270602158767542
4.302528107165029
0.33874884
248.67098445595855
2634.380829015544
386
0.9625563274138286
0.8160676532769556
0.49096539292431124
44.487003584743164
12.059614896631647
0.86670727
50.74639175257732
2801.1896907216496
485
0.7617152432504913
0.8523725834797891
0.6084553395208667
32.71595319335637
21.19705685912283
0.93920356
31.8
2958.6
5
0.816496580927726
1.0
2.3173247538676778
3.098386676965933
1.7888543819998317
0.44705883
199.0
2969.0
3
1.0
1.0
37.69911184307752
3.265986323710904
0.0
0.73202616
257.77777777777777
2995.1111111111113
9
0.7869526281849774
1.0
1.4510611029558727
4.312594463574638
2.660928660904759
0.6300654
5.291666666666667
3031.1666666666665
24
0.8116975237753001
0.8571428571428571
0.7777219038741342
8.047750022754151
4.700513874287755
0.6767974
60.666666666666664
3049.6666666666665
3
0.816496580927726
1.0
3.2340725067158833
2.3094010767585034
1.3333333333333333
0.5385621
12.073170731707316
3153.7804878048782
41
0.9665826644448811
0.82
0.5763230854321455
15.065183191050636
3.8620369988627914
1.0
1.1428571428571428
3180.285714285714
7
0.980113056775211
0.7777777777777778
2.1380658287893026
6.679120530303047
1.325404044229481
1.0
5.333333333333333
3179.3333333333335
6
0.8595520557294148
0.8571428571428571
2.5721148072672673
4.280786335436144
2.187688154526213
0.99019605
10.598290598290598
3274.5555555555557
117
0.9644999133411036
0.7597402597402597
0.3849753946617621
26.354097826939377
6.959673521376545
0.9997989
16.617543859649125
3311.7263157894736
285
0.8918692866830976
0.5987394957983193
0.21153130972425288
38.56424665170976
17.442348088501383
0.9555694
