116
514
6
515
4
515
5
515
6
515
7
515
8
515
9
516
4
516
5
516
6
516
7
516
8
516
9
517
4
517
5
517
6
517
7
517
8
517
9
518
5
518
6
518
7
518
8
518
9
518
10
518
11
519
6
519
7
519
8
519
9
519
10
519
11
520
9
520
10
520
11
520
12
521
9
521
10
521
11
521
12
521
13
522
10
522
11
522
12
522
13
0
522
1
522
2
522
3
522
4
523
1
523
2
523
3
523
4
524
1
524
2
524
3
524
4
524
5
525
1
525
2
525
3
525
4
525
5
525
6
525
7
526
1
526
2
526
3
526
4
526
5
526
6
526
7
526
8
526
9
527
1
527
2
527
3
527
4
527
5
527
6
527
7
527
8
527
9
528
1
528
2
528
3
528
4
528
5
528
6
528
7
528
9
529
1
529
2
529
3
529
4
529
5
529
6
529
7
529
10
529
11
530
1
530
2
530
3
530
4
530
5
530
6
531
1
531
2
531
3
531
4
531
5
531
6
531
7
532
1
532
2
532
3
532
4
532
5
532
6
533
1
533
2
533
3
533
4
533
5
533
6
534
2
534
3
534
4
534
5
534
6
535
3
535
4
535
5
535
6
535
7
536
4
536
5
536
6
536
7
537
6
0
530
18
531
18
531
19
0
533
28
533
29
533
30
533
31
534
28
534
29
534
30
534
31
534
32
534
33
535
30
535
31
535
32
0
537
11
538
11
538
12
538
13
539
11
539
12
539
13
540
11
540
12
540
13
540
14
541
12
541
13
0
552
86
552
87
552
88
553
83
553
84
553
85
553
86
553
87
553
88
553
89
553
90
553
91
554
85
554
86
554
87
554
88
554
89
554
90
554
91
554
92
555
87
555
88
555
89
555
90
555
91
555
92
555
93
0
571
162
571
163
571
164
572
161
572
162
572
163
572
164
572
165
572
166
573
162
573
163
573
164
573
165
573
166
573
167
573
168
573
169
573
170
574
165
574
166
574
167
574
168
574
169
574
170
574
171
574
172
575
168
575
169
575
170
575
171
575
172
575
173
576
171
576
172
576
173
576
174
0
572
132
572
133
572
134
573
131
573
132
573
133
573
134
573
135
573
136
574
132
574
133
574
134
574
135
574
136
574
137
574
138
574
140
574
141
575
135
575
136
575
137
575
138
575
139
575
140
575
141
575
142
575
143
575
144
575
145
576
138
576
139
576
140
576
141
576
142
576
143
576
144
576
145
576
146
576
147
576
148
576
149
576
150
577
139
577
140
577
141
577
142
577
143
577
144
577
145
577
146
577
147
577
148
577
149
577
150
577
151
577
152
577
153
578
141
0
576
11
576
12
577
10
577
11
577
12
577
13
578
10
578
11
578
12
579
11
579
12
0
577
177
577
178
577
179
578
177
578
178
578
179
578
180
578
181
579
178
579
179
579
180
579
181
579
182
579
183
579
184
580
180
580
181
580
182
580
183
580
184
580
185
580
186
581
183
581
184
581
185
581
186
581
187
581
188
581
189
582
185
582
186
582
187
582
188
582
189
582
190
582
191
583
188
583
189
583
190
583
191
583
192
584
190
584
191
584
192
584
193
584
194
0
579
157
579
158
580
157
580
158
580
159
580
160
581
159
0
585
196
585
197
585
198
586
197
586
198
586
199
586
200
586
201
586
202
587
198
587
199
587
200
587
201
587
202
587
203
587
204
588
199
588
200
588
201
588
202
588
203
588
204
588
205
588
206
589
202
589
203
589
204
589
205
589
206
589
207
589
208
590
204
590
205
590
206
590
207
590
208
590
209
591
207
591
208
591
209
591
210
0
594
217
594
218
595
217
595
218
595
219
596
217
596
218
596
219
596
220
596
221
596
222
597
218
597
222
597
223
598
223
598
224
598
225
598
226
598
227
599
226
599
227
0
603
237
604
237
604
238
604
239
0
612
251
612
252
612
253
613
251
613
252
613
253
613
254
614
251
614
252
614
253
0
618
268
618
269
619
268
619
269
620
267
620
268
620
269
620
270
621
269
621
270
621
271
0
638
78
638
79
638
80
638
81
638
82
638
83
639
78
639
79
639
80
639
81
639
82
639
83
640
78
640
79
640
80
640
81
640
82
640
83
640
84
641
79
641
80
641
81
641
82
641
83
641
84
642
81
642
82
642
83
642
84
0
729
331
729
332
729
333
729
334
729
335
730
330
730
331
730
332
730
333
730
334
730
335
730
336
730
337
730
338
730
339
730
340
731
329
731
330
731
331
731
332
731
333
731
334
731
335
731
336
731
337
731
338
731
339
731
340
731
341
732
329
732
330
732
331
732
332
732
333
732
334
732
335
732
336
732
337
732
338
732
339
732
340
732
341
732
342
732
343
733
329
733
330
733
331
733
332
733
333
733
334
733
335
733
336
733
337
733
338
733
339
733
340
733
341
733
342
733
343
733
344
734
329
734
330
734
331
734
332
734
333
734
334
734
335
734
336
734
337
734
338
734
339
734
340
734
341
734
342
734
343
734
344
735
329
735
330
735
331
735
332
735
333
735
334
735
335
735
336
735
337
735
338
735
339
735
340
735
341
735
342
735
343
735
344
736
330
736
331
736
332
736
333
736
334
736
335
736
336
736
337
736
338
736
339
736
340
736
341
736
342
736
343
736
344
737
330
737
331
737
332
737
333
737
334
737
335
737
336
737
337
737
338
737
339
737
340
737
341
737
342
737
343
737
344
738
331
738
332
738
333
738
334
738
335
738
336
738
337
738
338
738
339
738
340
738
341
738
342
738
343
738
344
739
331
739
332
739
333
739
334
739
335
739
336
739
337
739
338
739
339
739
340
739
341
739
342
739
343
740
332
740
333
740
334
740
335
740
336
740
337
740
338
740
339
740
340
740
341
740
342
741
334
741
335
741
336
741
337
741
338
741
339
741
340
742
336
742
337
0
800
491
800
492
800
493
801
491
801
492
801
493
801
494
802
491
802
492
802
493
802
494
802
495
803
492
803
493
803
494
0
863
553
863
554
863
555
863
556
864
553
864
554
864
555
864
556
865
553
865
554
865
556
866
553
866
554
866
556
866
557
867
557
0
893
598
893
599
893
600
894
597
894
598
894
599
894
600
895
597
895
598
895
599
895
600
896
597
896
598
896
599
896
600
896
601
897
597
897
598
897
599
897
600
897
601
898
598
898
599
898
600
898
601
899
599
899
600
899
601
900
599
900
600
900
601
900
602
901
599
901
600
901
601
901
602
901
603
901
604
902
599
902
600
902
601
902
602
902
603
902
604
903
599
903
600
903
601
903
602
903
603
903
604
904
598
904
599
904
600
904
601
904
602
904
603
904
604
905
599
905
600
905
601
905
602
905
603
905
604
906
600
906
601
906
602
906
603
906
604
0
975
662
975
663
975
664
975
665
976
662
976
663
976
664
976
665
977
662
977
663
977
664
977
665
978
662
978
663
978
664
978
665
978
666
979
664
979
665
0
1045
5
1045
6
1046
5
1046
6
1046
7
1047
4
1047
5
1047
6
1047
7
1048
4
1048
5
1048
6
1048
7
1049
6
0
1196
6
1197
6
1198
7
0
1201
732
1201
733
1201
734
1201
735
1202
731
1202
732
1202
733
1202
734
1202
735
1202
736
1203
731
1203
732
1203
733
1203
734
1203
735
1203
736
1204
731
1204
732
1204
733
1204
734
1204
735
1204
736
1205
731
1205
732
1205
733
1205
734
1205
735
0
1214
429
1214
430
1215
429
1215
430
1216
429
0
1231
598
1231
599
1231
600
1231
601
1232
596
1232
597
1232
598
1232
599
1232
600
1232
601
1232
602
1232
603
1232
604
1232
605
1232
606
1233
596
1233
597
1233
598
1233
599
1233
600
1233
601
1233
602
1233
603
1233
604
1233
605
1233
606
1234
595
1234
596
1234
597
1234
598
1234
599
1234
600
1234
601
1234
602
1234
603
1234
604
1234
605
1234
606
1234
607
1235
595
1235
596
1235
597
1235
598
1235
599
1235
600
1235
601
1235
602
1235
603
1235
604
1235
605
1235
606
1235
607
1236
595
1236
596
1236
597
1236
598
1236
599
1236
600
1236
601
1236
602
1236
603
1236
604
1236
605
1236
606
1236
607
1237
595
1237
596
1237
597
1237
598
1237
599
1237
600
1237
601
1237
602
1237
603
1237
604
1237
605
1237
606
1238
596
1238
597
1238
598
1238
599
1238
600
1238
601
1238
602
1238
603
1238
604
1238
605
1238
606
1239
597
1239
598
1239
599
1239
600
1239
601
1239
602
1239
603
1239
604
1239
605
1240
598
1240
599
1240
600
1240
601
1240
602
1240
603
0
1233
677
1233
678
1234
677
0
1242
651
1242
652
1243
649
1243
650
1243
651
1243
652
1243
653
1244
649
1244
650
1244
651
1244
652
1244
653
1244
654
1245
649
1245
650
1245
651
1245
652
1245
653
1245
654
1246
650
1246
651
1246
652
1246
653
1247
652
0
1259
636
1259
637
1260
636
1260
637
1260
638
1261
636
1261
637
1261
638
1262
636
1262
637
1263
636
1263
637
1264
637
1265
637
1265
638
0
1267
200
1267
201
1267
202
0
1279
227
1279
228
1279
229
1279
230
1279
232
1279
233
1280
227
1280
228
1280
229
1280
230
1280
231
1280
232
1280
233
1280
234
1281
227
1281
228
1281
229
1281
230
1281
231
1281
232
1281
233
1281
234
1281
235
1282
228
1282
229
1282
230
1282
231
1282
232
1282
233
1282
234
1282
235
1283
228
1283
229
1283
230
1283
231
1283
232
1283
233
1283
234
1283
235
1283
236
1284
229
1284
230
1284
231
1284
232
1284
233
1284
234
1284
235
1284
236
1284
237
1285
231
1285
232
1285
233
1285
234
1285
235
1285
236
1286
231
1286
232
1286
234
1286
235
1286
236
1287
235
1287
236
0
1287
224
1288
223
1288
224
1289
223
1289
224
0
1290
296
1290
297
1290
298
1290
299
1290
300
1290
301
1291
296
1291
297
1291
298
1291
299
1291
300
1291
301
1292
296
1292
297
1292
298
1292
299
1292
300
1292
301
1293
297
1293
298
1293
299
1293
300
1293
301
1294
298
1294
299
0
1323
1
1323
2
1323
3
0
1324
6
1325
6
1326
5
1326
6
1326
7
1327
5
1327
6
0
1449
82
1449
83
1449
84
1449
85
1449
86
1450
82
1450
83
1450
84
1450
85
1450
86
1450
87
1451
82
1451
83
1451
84
1451
85
1451
86
1451
87
1452
79
1452
80
1452
81
1452
82
1452
83
1452
84
1452
85
1452
86
1452
87
1453
78
1453
79
1453
80
1453
81
1453
82
1453
83
1453
84
1453
85
1453
86
1453
87
1454
77
1454
78
1454
79
1454
80
1454
81
1454
82
1454
83
1454
84
1454
85
1454
86
1454
87
1454
88
1455
78
1455
79
1455
80
1455
81
1455
82
1455
83
1455
84
1455
85
1455
86
1455
87
1455
88
1456
77
1456
78
1456
79
1456
80
1456
81
1456
82
1456
83
1456
84
1456
85
1456
86
1456
87
1456
88
1457
77
1457
78
1457
79
1457
80
1457
81
1457
82
1457
83
1457
84
1457
85
1457
86
1457
87
1458
80
1458
81
1458
82
1458
83
0
1523
259
1524
258
1524
259
1524
260
1524
264
1525
258
1525
259
1525
260
1525
261
1525
262
1525
263
1525
264
1525
265
1526
258
1526
259
1526
260
1526
261
1526
262
1526
263
1526
264
1526
265
1526
266
1527
239
1527
258
1527
259
1527
260
1527
261
1527
262
1527
263
1527
264
1527
265
1527
266
1528
237
1528
238
1528
239
1528
240
1528
256
1528
257
1528
258
1528
259
1528
260
1528
261
1528
262
1528
263
1528
264
1528
265
1528
266
1529
236
1529
237
1529
238
1529
239
1529
240
1529
241
1529
256
1529
257
1529
258
1529
259
1529
260
1529
261
1529
262
1529
263
1529
264
1529
265
1529
266
1530
235
1530
236
1530
237
1530
238
1530
239
1530
240
1530
241
1530
242
1530
257
1530
258
1530
259
1530
260
1530
261
1530
262
1530
263
1530
264
1530
265
1530
266
1531
234
1531
235
1531
236
1531
237
1531
238
1531
239
1531
240
1531
241
1531
242
1531
243
1531
244
1531
257
1531
258
1531
259
1531
260
1531
261
1531
262
1531
263
1531
264
1531
265
1531
266
1532
234
1532
235
1532
236
1532
237
1532
238
1532
239
1532
240
1532
241
1532
242
1532
243
1532
248
1532
249
1532
257
1532
258
1532
259
1532
260
1532
261
1532
262
1532
263
1532
264
1532
265
1533
233
1533
234
1533
235
1533
236
1533
237
1533
238
1533
239
1533
240
1533
241
1533
242
1533
243
1533
248
1533
249
1533
250
1533
251
1533
257
1533
258
1533
259
1533
260
1533
261
1533
262
1533
263
1533
264
1533
265
1534
234
1534
235
1534
236
1534
237
1534
238
1534
239
1534
240
1534
241
1534
242
1534
243
1534
244
1534
248
1534
249
1534
250
1534
251
1534
252
1534
253
1534
258
1534
259
1534
260
1534
261
1534
262
1534
263
1534
264
1535
235
1535
236
1535
237
1535
238
1535
239
1535
240
1535
241
1535
242
1535
243
1535
244
1535
245
1535
247
1535
248
1535
249
1535
250
1535
251
1535
252
1535
253
1535
254
1535
255
1535
259
1535
260
1535
261
1535
262
1535
263
1536
237
1536
238
1536
239
1536
240
1536
241
1536
242
1536
243
1536
244
1536
245
1536
246
1536
247
1536
248
1536
249
1536
250
1536
251
1536
252
1536
253
1536
254
1536
255
1536
256
1536
257
1536
258
1537
238
1537
239
1537
240
1537
241
1537
242
1537
243
1537
244
1537
245
1537
246
1537
247
1537
248
1537
249
1537
250
1537
251
1537
252
1537
253
1537
254
1537
255
1537
256
1537
257
1537
258
1537
259
1538
239
1538
240
1538
241
1538
242
1538
243
1538
244
1538
245
1538
246
1538
247
1538
248
1538
249
1538
250
1538
251
1538
252
1538
253
1538
254
1538
255
1538
256
1538
257
1538
258
1538
259
1539
240
1539
241
1539
242
1539
243
1539
244
1539
245
1539
246
1539
247
1539
248
1539
249
1539
250
1539
251
1539
252
1539
253
1539
254
1539
255
1539
256
1539
257
1539
258
1539
259
1540
241
1540
242
1540
243
1540
244
1540
245
1540
246
1540
247
1540
248
1540
249
1540
250
1540
251
1540
252
1540
253
1540
254
1540
255
1540
256
1540
257
1540
258
1540
259
1541
242
1541
243
1541
244
1541
245
1541
246
1541
247
1541
248
1541
249
1541
250
1541
251
1541
252
1541
253
1541
254
1541
255
1541
256
1541
257
1541
258
1542
243
1542
244
1542
245
1542
246
1542
247
1542
248
1542
249
1542
250
1542
251
1542
252
1542
253
1542
254
1542
255
1542
256
1542
257
1542
258
1543
246
1543
247
1543
248
1543
249
1543
250
1543
251
1543
252
1543
253
1543
254
1543
255
1543
256
1543
257
1544
247
1544
248
1544
249
1544
250
1544
251
1544
252
1544
253
1544
254
1544
255
1544
256
1544
257
0
1543
131
1543
132
1543
133
1544
131
1544
132
1544
133
1544
134
1545
131
1545
132
1545
133
1545
134
1546
131
1546
132
1546
133
1546
134
0
1550
249
1550
250
1551
249
1551
250
1551
251
1551
252
1551
253
1551
254
1551
256
1552
248
1552
249
1552
250
1552
251
1552
252
1552
253
1552
254
1552
255
1552
256
1552
257
1552
258
1553
248
1553
249
1553
250
1553
251
1553
252
1553
253
1553
254
1553
255
1553
256
1553
257
1553
258
1554
249
1554
250
1554
251
1554
252
1554
253
1554
254
1554
255
1554
256
1554
257
1554
258
1554
259
1554
260
1555
250
1555
251
1555
252
1555
253
1555
254
1555
255
1555
257
1555
258
1555
259
1555
260
1556
258
1556
259
1556
260
1556
261
1557
259
1557
260
1557
261
0
1552
240
1552
241
1552
242
1553
237
1553
238
1553
239
1553
240
1553
241
1553
242
1553
243
1554
237
1554
238
1554
239
1554
240
1554
241
1554
242
1554
243
1555
237
1555
238
1555
239
1555
240
1555
241
1555
242
1556
240
1556
241
1557
240
0
1584
212
1584
213
1584
214
1585
212
1585
213
1585
214
1586
212
1586
213
0
1590
258
1590
259
1590
268
1590
269
1590
270
1590
271
1590
272
1591
257
1591
258
1591
259
1591
260
1591
264
1591
265
1591
266
1591
267
1591
268
1591
269
1591
270
1592
257
1592
258
1592
259
1592
260
1592
261
1592
262
1592
263
1592
264
1592
265
1592
266
1592
267
1592
268
1592
269
1592
270
1592
271
1592
272
1593
256
1593
257
1593
258
1593
259
1593
260
1593
261
1593
262
1593
263
1593
264
1593
265
1593
266
1593
267
1593
268
1593
269
1593
270
1593
271
1593
272
1593
273
1593
285
1593
286
1593
287
1593
288
1594
255
1594
256
1594
257
1594
258
1594
259
1594
260
1594
261
1594
262
1594
263
1594
264
1594
265
1594
266
1594
267
1594
268
1594
269
1594
270
1594
271
1594
272
1594
273
1594
274
1594
282
1594
283
1594
284
1594
285
1594
286
1594
287
1594
288
1595
254
1595
255
1595
256
1595
257
1595
258
1595
259
1595
260
1595
261
1595
262
1595
263
1595
264
1595
265
1595
266
1595
267
1595
268
1595
269
1595
270
1595
271
1595
272
1595
273
1595
274
1595
275
1595
276
1595
277
1595
278
1595
281
1595
282
1595
283
1595
284
1595
285
1595
286
1595
287
1595
288
1595
289
1595
290
1596
254
1596
255
1596
256
1596
257
1596
258
1596
259
1596
260
1596
261
1596
262
1596
263
1596
264
1596
265
1596
266
1596
267
1596
268
1596
269
1596
270
1596
271
1596
272
1596
273
1596
274
1596
275
1596
276
1596
277
1596
278
1596
279
1596
280
1596
281
1596
282
1596
283
1596
284
1596
285
1596
286
1596
287
1596
288
1596
289
1596
290
1597
253
1597
254
1597
255
1597
256
1597
257
1597
258
1597
259
1597
260
1597
261
1597
262
1597
263
1597
264
1597
265
1597
266
1597
267
1597
268
1597
269
1597
270
1597
271
1597
272
1597
273
1597
274
1597
275
1597
276
1597
277
1597
278
1597
279
1597
280
1597
281
1597
282
1597
283
1597
284
1597
285
1597
286
1597
287
1597
288
1597
289
1597
290
1597
291
1597
292
1598
253
1598
254
1598
255
1598
256
1598
257
1598
258
1598
259
1598
260
1598
261
1598
262
1598
263
1598
264
1598
265
1598
266
1598
267
1598
268
1598
269
1598
270
1598
271
1598
272
1598
273
1598
274
1598
275
1598
276
1598
277
1598
278
1598
279
1598
280
1598
281
1598
282
1598
283
1598
284
1598
285
1598
286
1598
287
1598
288
1598
289
1598
290
1598
291
1598
292
1598
293
1599
254
1599
255
1599
256
1599
257
1599
258
1599
259
1599
260
1599
261
1599
262
1599
263
1599
264
1599
265
1599
266
1599
267
1599
268
1599
269
1599
270
1599
271
1599
272
1599
273
1599
274
1599
275
1599
276
1599
277
1599
278
1599
279
1599
280
1599
281
1599
282
1599
283
1599
284
1599
285
1599
286
1599
287
1599
288
1599
289
1599
290
1599
291
1599
292
1599
293
1599
294
1600
254
1600
255
1600
256
1600
257
1600
258
1600
259
1600
260
1600
261
1600
262
1600
263
1600
264
1600
265
1600
266
1600
267
1600
268
1600
269
1600
270
1600
271
1600
272
1600
273
1600
274
1600
275
1600
276
1600
277
1600
278
1600
279
1600
280
1600
281
1600
282
1600
283
1600
284
1600
285
1600
286
1600
287
1600
288
1600
289
1600
290
1600
291
1600
292
1600
293
1600
294
1600
295
1601
254
1601
255
1601
256
1601
257
1601
258
1601
259
1601
260
1601
261
1601
262
1601
263
1601
264
1601
265
1601
266
1601
267
1601
268
1601
269
1601
270
1601
271
1601
272
1601
273
1601
274
1601
275
1601
276
1601
277
1601
278
1601
279
1601
280
1601
281
1601
282
1601
283
1601
284
1601
285
1601
286
1601
287
1601
288
1601
289
1601
290
1601
291
1601
292
1601
293
1601
294
1601
295
1602
254
1602
255
1602
256
1602
257
1602
258
1602
259
1602
260
1602
261
1602
262
1602
263
1602
264
1602
265
1602
266
1602
267
1602
268
1602
269
1602
270
1602
271
1602
272
1602
273
1602
274
1602
275
1602
276
1602
277
1602
278
1602
279
1602
280
1602
281
1602
282
1602
283
1602
284
1602
285
1602
286
1602
287
1602
288
1602
289
1602
290
1602
291
1602
292
1602
293
1602
294
1603
255
1603
256
1603
257
1603
258
1603
259
1603
260
1603
261
1603
262
1603
263
1603
264
1603
265
1603
266
1603
267
1603
268
1603
269
1603
270
1603
271
1603
272
1603
273
1603
274
1603
275
1603
276
1603
277
1603
278
1603
279
1603
280
1603
281
1603
282
1603
283
1603
284
1603
285
1603
286
1603
287
1603
288
1603
289
1603
290
1603
291
1603
292
1603
293
1603
294
1604
256
1604
257
1604
258
1604
259
1604
260
1604
261
1604
262
1604
263
1604
264
1604
265
1604
266
1604
267
1604
268
1604
269
1604
270
1604
271
1604
272
1604
273
1604
274
1604
275
1604
276
1604
277
1604
278
1604
279
1604
280
1604
281
1604
282
1604
283
1604
284
1604
285
1604
286
1604
287
1604
288
1604
289
1604
290
1604
291
1604
292
1604
293
1605
257
1605
258
1605
259
1605
260
1605
261
1605
262
1605
263
1605
264
1605
265
1605
266
1605
267
1605
268
1605
269
1605
270
1605
271
1605
272
1605
273
1605
274
1605
275
1605
276
1605
277
1605
278
1605
279
1605
280
1605
281
1605
282
1605
283
1605
284
1605
285
1605
286
1605
287
1605
288
1605
289
1605
290
1605
291
1605
292
1606
258
1606
259
1606
260
1606
261
1606
262
1606
263
1606
264
1606
265
1606
266
1606
267
1606
268
1606
269
1606
270
1606
271
1606
272
1606
273
1606
274
1606
275
1606
276
1606
277
1606
278
1606
279
1606
280
1606
281
1606
282
1606
283
1606
284
1606
285
1606
286
1606
287
1606
288
1606
289
1606
290
1606
291
1606
292
1607
262
1607
263
1607
264
1607
265
1607
266
1607
267
1607
268
1607
269
1607
270
1607
271
1607
272
1607
273
1607
274
1607
275
1607
276
1607
277
1607
278
1607
279
1607
280
1607
281
1607
282
1607
283
1607
284
1607
285
1607
286
1607
287
1607
288
1607
289
1607
290
1608
265
1608
266
1608
267
1608
268
1608
269
1608
270
1608
271
1608
272
1608
273
1608
274
1608
275
1608
276
1608
277
1608
278
1608
279
1608
280
1608
281
1608
282
1608
283
1608
284
1608
285
1608
286
1609
267
1609
268
1609
269
1609
270
1609
271
1609
272
1609
273
1609
274
1609
275
1609
278
1609
279
1609
280
1609
281
0
1646
523
1647
521
1647
522
1647
523
1647
524
1647
525
1647
526
1647
527
1648
520
1648
521
1648
522
1648
523
1648
524
1648
525
1648
526
1648
527
1648
528
1649
519
1649
520
1649
521
1649
522
1649
523
1649
524
1649
525
1649
526
1649
527
1649
528
1650
519
1650
520
1650
521
1650
522
1650
523
1650
524
1650
525
1650
526
1650
527
1650
528
1651
519
1651
520
1651
521
1651
522
1651
523
1651
524
1651
525
1651
526
1651
527
1651
528
1651
529
1652
521
1652
522
1652
523
1652
524
1652
525
1652
526
1652
527
1652
528
1652
529
1653
525
0
1648
550
1649
548
1649
549
1649
550
1650
548
1650
549
1650
550
1651
547
1651
548
1651
549
1651
550
1652
544
1652
545
1652
546
1652
547
1652
548
1652
549
1652
550
1653
543
1653
544
1653
545
1653
546
1653
547
1653
548
1653
549
1653
550
1653
551
1653
552
1653
553
1654
543
1654
544
1654
545
1654
546
1654
547
1654
548
1654
549
1654
550
1654
551
1654
552
1654
553
1654
554
1654
555
1654
556
1655
543
1655
544
1655
545
1655
546
1655
547
1655
548
1655
549
1655
550
1655
551
1655
552
1655
553
1655
554
1655
555
1655
556
1655
557
1655
558
1655
559
1656
542
1656
543
1656
544
1656
545
1656
546
1656
547
1656
548
1656
549
1656
550
1656
551
1656
552
1656
553
1656
554
1656
555
1656
556
1656
557
1656
558
1656
559
1656
560
1657
543
1657
544
1657
545
1657
546
1657
547
1657
548
1657
549
1657
550
1657
551
1657
552
1657
553
1657
554
1657
555
1657
556
1657
557
1657
558
1657
559
1657
560
1658
543
1658
544
1658
545
1658
546
1658
547
1658
548
1658
549
1658
550
1658
551
1658
552
1658
553
1658
554
1658
555
1658
556
1658
557
1658
558
1658
559
1658
560
1659
543
1659
544
1659
545
1659
546
1659
547
1659
548
1659
549
1659
550
1659
551
1659
552
1659
553
1659
554
1659
555
1659
556
1659
557
1659
558
1659
559
1659
560
1660
544
1660
545
1660
546
1660
547
1660
548
1660
549
1660
550
1660
551
1660
552
1660
553
1660
554
1660
555
1660
556
1660
557
1660
558
1660
559
1660
560
1661
545
1661
546
1661
547
1661
548
1661
549
1661
550
1661
551
1661
552
1661
553
1661
554
1661
555
1661
556
1661
557
1661
558
1661
559
1662
546
1662
547
1662
548
1662
549
1662
550
1662
551
1662
552
1662
553
1662
554
1662
555
1662
556
1662
557
1662
558
1662
559
1663
551
1663
552
1663
553
1663
554
1663
555
1663
556
1663
557
1663
558
1664
555
1664
556
1664
557
1664
558
0
1650
535
1650
536
1650
537
1651
535
1651
536
1651
537
1651
538
1652
537
1652
538
0
1658
464
1658
465
1658
466
1658
467
1659
463
1659
464
1659
465
1659
466
1659
467
1659
468
1659
469
1659
470
1659
471
1659
472
1660
462
1660
463
1660
464
1660
465
1660
466
1660
467
1660
468
1660
469
1660
470
1660
471
1660
472
1661
461
1661
462
1661
463
1661
464
1661
465
1661
466
1661
467
1661
468
1661
469
1661
470
1661
471
1661
472
1661
473
1662
461
1662
462
1662
463
1662
464
1662
465
1662
466
1662
467
1662
468
1662
469
1662
470
1662
471
1662
472
1662
473
1663
461
1663
462
1663
463
1663
464
1663
465
1663
466
1663
467
1663
468
1663
469
1663
470
1663
471
1663
472
1663
473
1664
461
1664
462
1664
463
1664
464
1664
465
1664
466
1664
467
1664
468
1664
469
1664
470
1664
471
1664
472
1664
473
1665
462
1665
463
1665
464
1665
465
1665
466
1665
467
1665
468
1665
469
1665
470
1665
471
1666
464
1666
465
0
1676
645
1677
643
1677
644
1677
645
1677
646
1678
642
1678
643
1678
644
1678
645
1678
646
1679
642
1679
643
1679
644
1679
645
1679
646
1680
643
1680
644
1680
645
1680
646
1680
647
1680
651
1680
652
1681
644
1681
645
1681
646
1681
647
1681
648
1681
649
1681
650
1681
651
1681
652
1682
644
1682
645
1682
646
1682
647
1682
648
1682
649
1682
650
1682
651
1682
652
1682
653
1683
645
1683
646
1683
647
1683
648
1683
649
1683
650
1683
651
1683
652
1683
653
1684
644
1684
645
1684
646
1684
647
1684
648
1684
649
1684
650
1684
651
1684
652
1684
653
1685
644
1685
645
1685
646
1685
647
1685
648
1685
649
1685
650
1685
651
1685
652
1685
653
1686
644
1686
645
1686
646
1686
647
1686
648
1686
649
1686
650
1686
651
1686
652
1686
653
1686
654
1687
646
1687
647
1687
648
1687
649
1687
650
1687
651
1687
652
0
1680
561
1680
562
1680
563
1681
560
1681
561
1681
562
1681
563
1681
564
1682
559
1682
560
1682
561
1682
562
1682
563
1682
564
1683
559
1683
560
1683
561
1683
562
1683
563
1684
560
1684
561
1684
562
1684
563
1684
564
1685
562
1685
563
0
1684
568
1684
569
1684
570
1685
568
1685
569
1685
570
1685
571
1686
567
1686
568
1686
569
1686
570
1686
571
1686
572
1687
567
1687
568
1687
569
1687
570
1687
571
1687
572
1687
573
1688
567
1688
568
1688
569
1688
570
1688
571
1688
572
1688
573
1688
574
1688
575
1688
576
1688
577
1689
567
1689
568
1689
569
1689
570
1689
571
1689
572
1689
573
1689
574
1689
575
1689
576
1689
577
1689
578
1690
567
1690
568
1690
569
1690
570
1690
571
1690
572
1690
573
1690
574
1690
575
1690
576
1690
577
1690
578
1690
579
1691
568
1691
569
1691
570
1691
571
1691
572
1691
573
1691
574
1691
575
1691
576
1691
577
1691
578
1691
579
1692
568
1692
569
1692
570
1692
571
1692
572
1692
573
1692
574
1692
575
1692
576
1692
577
1692
578
1692
579
1693
563
1693
568
1693
569
1693
570
1693
571
1693
572
1693
573
1693
574
1693
575
1693
576
1693
577
1693
578
1693
579
1694
564
1694
565
1694
568
1694
569
1694
570
1694
571
1694
572
1694
573
1694
574
1694
575
1694
576
1694
577
1694
578
1694
579
1695
564
1695
565
1695
566
1695
567
1695
568
1695
569
1695
572
1695
573
1696
564
1696
565
1696
566
1696
567
1696
568
1696
569
1697
565
1697
566
1697
567
1697
568
1697
569
1697
570
1698
566
1698
567
1698
568
1698
569
1699
568
0
1684
659
1685
658
1685
659
1686
658
1686
659
1686
660
0
1701
352
1702
352
1702
353
1702
354
1702
355
1703
351
1703
352
1703
353
1703
354
1704
352
1704
353
1704
354
1704
355
0
1711
871
1711
872
1712
870
1712
871
1712
872
1712
873
1713
872
0
1716
811
1716
812
1717
808
1717
809
1717
810
1717
811
1717
812
1717
813
1717
814
1718
806
1718
807
1718
808
1718
809
1718
810
1718
811
1718
812
1718
813
1718
814
1718
815
1718
816
1718
817
1719
806
1719
807
1719
808
1719
809
1719
810
1719
811
1719
812
1719
813
1719
814
1719
815
1719
816
1719
817
1719
818
1720
805
1720
806
1720
807
1720
808
1720
809
1720
810
1720
811
1720
812
1720
813
1720
814
1720
815
1720
816
1720
817
1720
818
1721
805
1721
806
1721
807
1721
808
1721
809
1721
810
1721
811
1721
812
1721
813
1721
814
1721
815
1721
816
1721
817
1721
818
1722
805
1722
806
1722
807
1722
808
1722
809
1722
810
1722
811
1722
812
1722
813
1722
814
1722
815
1722
816
1722
817
1722
818
1722
819
1723
807
1723
808
1723
809
1723
810
1723
811
1723
812
1723
813
1723
814
1723
815
1723
816
1723
817
1723
818
1723
819
1724
807
1724
808
1724
809
1724
810
1724
811
1724
812
1724
813
1724
814
1724
815
1724
816
1724
817
1725
808
1725
809
1725
810
1725
811
1725
812
1725
813
1725
814
1725
815
1725
816
1726
809
1726
810
1726
811
1726
812
1726
813
1726
814
1726
815
1726
816
1727
809
1727
810
1727
811
1727
812
1727
813
1727
814
1727
815
1728
810
1728
811
1728
812
1728
813
1729
811
1729
812
0
1719
826
1720
825
1720
826
0
1725
865
1725
866
1725
867
1725
868
1725
869
1725
870
1725
871
1725
872
1725
873
1726
864
1726
865
1726
866
1726
867
1726
868
1726
869
1726
870
1726
871
1726
872
1726
873
1727
863
1727
864
1727
865
1727
866
1727
867
1727
868
1727
869
1727
870
1727
871
1727
872
1727
873
1728
861
1728
862
1728
863
1728
864
1728
865
1728
866
1728
867
1728
868
1728
869
1728
870
1728
871
1728
872
1728
873
1729
860
1729
861
1729
862
1729
863
1729
864
1729
865
1729
866
1729
867
1729
868
1729
869
1729
870
1729
871
1729
872
1729
873
1730
860
1730
861
1730
862
1730
863
1730
864
1730
865
1730
866
1730
867
1730
868
1730
869
1731
859
1731
860
1731
861
1731
862
1731
863
1731
864
1731
865
1731
866
1731
867
1731
868
1731
869
1732
852
1732
853
1732
854
1732
855
1732
856
1732
857
1732
863
1732
864
1732
865
1732
866
1732
867
1732
868
1732
869
1733
848
1733
851
1733
852
1733
853
1733
854
1733
855
1733
856
1733
862
1733
863
1733
864
1733
865
1733
866
1733
867
1733
868
1734
845
1734
846
1734
847
1734
848
1734
849
1734
850
1734
851
1734
852
1734
853
1734
854
1734
855
1734
856
1734
861
1734
862
1734
863
1734
864
1734
865
1734
866
1734
867
1734
868
1735
845
1735
846
1735
847
1735
848
1735
849
1735
850
1735
851
1735
852
1735
853
1735
854
1735
855
1735
856
1735
860
1735
861
1735
862
1735
863
1735
864
1735
865
1735
866
1735
867
1736
845
1736
846
1736
847
1736
848
1736
849
1736
850
1736
851
1736
852
1736
853
1736
854
1736
855
1736
856
1736
857
1736
858
1736
859
1736
860
1736
861
1736
862
1736
863
1736
864
1736
865
1737
845
1737
846
1737
847
1737
848
1737
849
1737
850
1737
851
1737
852
1737
853
1737
854
1737
855
1737
856
1737
857
1737
858
1737
859
1737
860
1737
861
1737
862
1737
863
1737
864
1738
844
1738
845
1738
846
1738
847
1738
848
1738
849
1738
850
1738
851
1738
852
1738
853
1738
854
1738
855
1738
856
1738
857
1738
858
1738
859
1738
860
1738
861
1738
862
1739
844
1739
845
1739
846
1739
847
1739
848
1739
849
1739
850
1739
851
1739
852
1739
853
1739
854
1739
855
1739
856
1739
857
1739
858
1739
859
1740
844
1740
845
1740
846
1740
847
1740
848
1740
849
1740
850
1740
851
1740
852
1740
853
1740
854
1740
855
1740
856
1740
857
1740
858
1741
844
1741
845
1741
846
1741
847
1741
848
1741
849
1741
850
1741
851
1741
852
1741
853
1741
854
1741
855
1741
856
1742
845
1742
846
1742
847
1742
848
1742
849
1742
850
1742
851
1742
852
1742
853
1742
854
1742
855
1743
846
1743
847
1743
848
1743
849
1743
850
1743
851
0
1755
694
1755
695
1755
696
1756
694
1756
695
1756
696
1756
697
1757
693
1757
694
1757
695
1757
696
1757
697
1757
698
1758
693
1758
694
1758
695
1758
696
1758
697
1759
692
1759
693
1759
694
1759
695
1759
696
1759
697
1760
691
1760
692
1760
693
1760
694
1760
695
1760
696
1761
692
1761
693
0
1828
745
1829
745
1829
746
0
1848
687
1849
686
1849
687
1849
688
1849
689
1850
685
1850
686
1850
687
1850
688
1850
689
1850
690
1851
685
1851
686
1851
687
1851
688
1851
689
1851
690
1851
691
1852
685
1852
686
1852
687
1852
688
1852
689
1852
690
1852
691
1852
692
1853
685
1853
686
1853
687
1853
688
1853
689
1853
690
1853
691
1853
692
1853
693
1853
694
1853
695
1854
684
1854
685
1854
686
1854
687
1854
688
1854
689
1854
690
1854
691
1854
692
1854
693
1854
694
1854
695
1855
684
1855
685
1855
686
1855
687
1855
688
1855
689
1855
690
1855
691
1855
692
1855
693
1855
694
1855
695
1856
686
1856
687
1856
688
1856
689
1856
690
1856
691
1856
692
1856
693
1856
694
1856
695
1856
696
1857
688
1857
689
1857
690
1857
691
1857
692
1857
693
1857
694
1857
695
1857
696
1857
697
1858
689
1858
690
1858
691
1858
692
1858
693
1858
694
1858
695
1858
696
1858
697
1859
690
1859
691
1859
692
1859
693
1859
694
1859
695
1860
691
1860
692
1860
693
1860
694
1860
695
1860
696
1860
697
1860
698
1860
699
1861
691
1861
692
1861
693
1861
694
1861
695
1861
696
1861
697
1861
698
1861
699
1861
704
1861
705
1862
691
1862
692
1862
693
1862
694
1862
695
1862
696
1862
697
1862
698
1862
699
1862
700
1862
701
1862
702
1862
703
1862
704
1862
705
1862
706
1862
707
1862
708
1863
686
1863
687
1863
692
1863
693
1863
694
1863
695
1863
696
1863
697
1863
698
1863
699
1863
700
1863
701
1863
702
1863
703
1863
704
1863
705
1863
706
1863
707
1863
708
1863
709
1864
685
1864
686
1864
687
1864
688
1864
689
1864
693
1864
694
1864
695
1864
696
1864
697
1864
698
1864
699
1864
700
1864
701
1864
702
1864
703
1864
704
1864
705
1864
706
1864
707
1864
708
1864
709
1864
710
1865
685
1865
686
1865
687
1865
688
1865
689
1865
690
1865
691
1865
692
1865
693
1865
694
1865
695
1865
696
1865
697
1865
698
1865
699
1865
700
1865
701
1865
702
1865
703
1865
704
1865
705
1865
706
1865
707
1865
708
1865
709
1865
710
1866
685
1866
686
1866
687
1866
688
1866
689
1866
690
1866
691
1866
692
1866
693
1866
694
1866
695
1866
696
1866
697
1866
698
1866
699
1866
700
1866
701
1866
702
1866
703
1866
704
1866
705
1866
706
1866
707
1866
708
1866
709
1866
710
1866
711
1867
685
1867
686
1867
687
1867
688
1867
689
1867
690
1867
691
1867
692
1867
693
1867
694
1867
696
1867
697
1867
698
1867
699
1867
700
1867
701
1867
702
1867
703
1867
704
1867
705
1867
706
1867
707
1867
708
1867
709
1867
710
1867
711
1868
685
1868
686
1868
687
1868
688
1868
689
1868
690
1868
691
1868
692
1868
693
1868
694
1868
697
1868
698
1868
699
1868
700
1868
701
1868
702
1868
703
1868
704
1868
705
1868
706
1868
707
1868
708
1868
709
1868
710
1868
711
1869
685
1869
686
1869
687
1869
688
1869
689
1869
690
1869
691
1869
692
1869
693
1869
694
1869
697
1869
698
1869
699
1869
700
1869
701
1869
702
1869
703
1869
704
1869
705
1869
706
1869
707
1869
708
1869
709
1869
710
1869
711
1870
686
1870
687
1870
688
1870
689
1870
690
1870
691
1870
692
1870
693
1870
699
1870
700
1870
701
1870
703
1870
704
1870
705
1870
706
1870
707
1870
708
1870
709
1870
710
1870
711
1871
687
1871
688
1871
689
1871
690
1871
691
1871
692
1871
693
1871
709
0
1849
313
1849
315
1849
316
1850
313
1850
314
1850
315
0
1852
762
1852
763
1853
761
1853
762
1853
763
1854
762
1854
763
1854
764
1855
763
1855
764
1855
765
1855
766
1855
767
1855
768
1855
769
1855
770
1856
764
1856
765
1856
766
1856
767
1856
768
1856
769
1856
770
1856
771
1856
772
1857
765
1857
766
1857
767
1857
768
1857
769
1857
770
1857
771
1857
772
1857
773
1857
775
1857
776
1858
766
1858
767
1858
768
1858
769
1858
770
1858
771
1858
772
1858
773
1858
774
1858
775
1858
776
1859
766
1859
767
1859
768
1859
769
1859
770
1859
771
1859
772
1859
773
1859
774
1859
775
1859
776
1860
767
1860
768
1860
769
1860
770
1860
771
1860
772
1860
773
1860
774
1860
775
1860
776
1860
777
1861
768
1861
769
1861
770
1861
771
1861
772
1861
773
1861
774
1861
775
1861
776
1861
777
1862
769
1862
770
1862
771
1862
772
1862
773
1862
774
1862
775
1862
776
1862
777
1862
778
1863
770
1863
771
1863
772
1863
773
1863
774
1863
775
1863
776
1863
777
1863
778
1864
774
1864
775
1864
776
1864
777
1864
778
1864
779
1865
776
1865
777
1865
778
1865
779
0
1853
720
1853
722
1853
723
1854
720
1854
721
1854
722
1854
723
1854
724
1854
725
1854
726
1854
727
1855
721
1855
722
1855
723
1855
724
1855
725
1855
726
1855
727
1855
728
1856
722
1856
723
1856
724
1856
725
1856
726
1856
727
1857
722
1857
723
1857
724
1857
725
1857
726
1857
727
1857
728
1857
729
1858
722
1858
723
1858
724
1858
725
1858
726
1858
727
1858
728
1858
729
1858
730
1858
731
1859
723
1859
724
1859
725
1859
726
1859
727
1859
728
1859
729
1859
730
1859
731
1860
722
1860
723
1860
724
1860
725
1860
726
1860
727
1860
728
1860
729
1860
730
1860
731
1861
722
1861
723
1861
724
1861
725
1861
726
1861
727
1861
728
1861
729
1861
730
1861
731
1862
722
1862
723
1862
724
1862
725
1862
726
1862
727
1862
728
1862
729
1862
730
1862
731
1863
725
1863
726
1863
727
1863
728
1863
729
1863
730
1863
731
1864
724
1864
725
1864
726
1864
727
1864
728
1864
729
1864
730
1865
723
1865
724
1865
725
1865
726
1865
727
1865
728
1865
729
1866
722
1866
723
1866
724
1866
725
1867
723
0
1855
716
1855
717
1855
718
1856
716
1856
717
1856
718
1857
715
1857
716
1857
717
1857
718
1858
715
1858
716
1858
717
1858
718
1858
719
1859
715
1859
716
1859
717
1859
718
0
1859
6
1860
6
1861
6
1862
6
1863
6
0
1864
762
1864
763
1864
764
1865
762
1865
763
1865
764
1865
765
1865
766
1865
767
1866
760
1866
761
1866
762
1866
763
1866
764
1866
765
1866
766
1866
767
1866
768
1866
769
1867
760
1867
761
1867
762
1867
763
1867
764
1867
765
1867
766
1867
767
1867
768
1867
769
1867
770
1868
759
1868
760
1868
761
1868
762
1868
763
1868
764
1868
765
1868
766
1868
767
1868
768
1868
769
1868
770
1868
771
1869
760
1869
761
1869
762
1869
763
1869
764
1869
767
1869
768
1869
769
1869
770
1869
771
1869
772
1870
761
1870
762
1870
763
1870
767
1870
768
1870
769
1870
770
1870
771
1871
767
1871
768
1871
769
1871
770
1872
767
1872
768
1872
769
1873
767
1873
768
1874
768
0
1866
756
1867
756
1868
756
1868
757
1869
756
0
1872
751
1872
752
1872
753
1872
754
1872
755
1872
756
1872
757
1872
758
1872
759
1872
760
1873
750
1873
751
1873
752
1873
753
1873
754
1873
755
1873
756
1873
757
1873
758
1873
759
1873
760
1874
749
1874
750
1874
751
1874
752
1874
753
1874
754
1874
755
1874
756
1874
757
1874
758
1874
759
1874
760
1874
761
1875
749
1875
750
1875
751
1875
752
1875
753
1875
754
1875
755
1875
756
1875
757
1875
758
1875
759
1875
760
1875
761
1875
762
1875
763
1876
748
1876
749
1876
750
1876
751
1876
752
1876
753
1876
754
1876
755
1876
756
1876
757
1876
758
1876
759
1876
760
1876
761
1876
762
1876
763
1877
749
1877
750
1877
751
1877
752
1877
753
1877
754
1877
755
1877
756
1877
757
1877
758
1877
759
1877
760
1877
761
1877
762
1878
751
1878
752
1878
753
1878
754
1878
755
1878
756
1878
757
1878
758
1878
759
1878
760
1878
761
0
1876
611
1876
612
1877
609
1877
610
1877
611
1877
612
1877
613
1877
614
1878
608
1878
609
1878
610
1878
611
1878
612
1878
613
1878
614
1878
615
1879
606
1879
607
1879
608
1879
609
1879
610
1879
611
1879
612
1879
613
1879
614
1879
615
1879
616
1879
617
1880
606
1880
607
1880
608
1880
609
1880
610
1880
611
1880
612
1880
613
1880
614
1880
615
1880
616
1880
617
1880
618
1880
619
1880
620
1881
606
1881
607
1881
608
1881
609
1881
610
1881
611
1881
612
1881
613
1881
614
1881
615
1881
616
1881
617
1881
618
1881
619
1881
620
1881
621
1882
606
1882
607
1882
608
1882
609
1882
610
1882
611
1882
612
1882
613
1882
614
1882
615
1882
616
1882
617
1882
618
1882
619
1882
620
1882
621
1883
606
1883
607
1883
608
1883
609
1883
610
1883
611
1883
612
1883
613
1883
614
1883
615
1883
616
1883
617
1883
618
1883
619
1883
620
1883
621
1884
606
1884
607
1884
608
1884
609
1884
610
1884
611
1884
612
1884
613
1884
614
1884
615
1884
616
1884
617
1884
618
1884
619
1884
620
1885
607
1885
608
1885
609
1885
610
1885
611
1885
612
1885
613
1885
614
1885
615
1885
616
1885
617
1885
618
1885
619
0
1878
765
1878
766
1879
764
1879
765
1879
766
1879
767
1880
764
1880
765
1880
766
1880
767
1881
764
1881
765
1881
766
1881
767
1882
764
1882
765
1882
766
1882
767
1882
768
1883
764
1883
765
1883
766
1883
767
1883
768
1884
765
1884
766
1884
767
1884
768
1885
765
1885
766
1885
767
1885
768
0
1882
669
1882
670
1882
671
1882
672
1883
670
1883
671
1883
672
0
1883
674
1884
674
1884
675
0
1889
702
1889
703
1889
704
1890
700
1890
701
1890
702
1890
703
1890
704
1890
705
1891
699
1891
700
1891
701
1891
702
1891
703
1891
704
1891
705
1892
694
1892
695
1892
696
1892
697
1892
698
1892
699
1892
700
1892
701
1892
702
1892
703
1892
704
1892
705
1893
693
1893
694
1893
695
1893
696
1893
697
1893
698
1893
699
1893
700
1893
701
1893
702
1893
703
1893
704
1894
693
1894
694
1894
695
1894
696
1894
697
1894
698
1894
699
1894
700
1894
701
1894
702
1895
693
1895
694
1895
695
1895
696
1895
697
1895
698
1895
699
1895
700
1896
695
1896
696
1896
697
1896
698
1896
699
0
1909
777
1909
778
1910
775
1910
776
1910
777
1910
778
1910
779
1911
775
1911
776
1911
777
1911
778
1911
779
1912
772
1912
773
1912
774
1912
775
1912
776
1912
777
1912
778
1912
779
1912
780
1913
772
1913
773
1913
774
1913
775
1913
776
1913
777
1913
778
1913
779
1913
780
1914
772
1914
773
1914
774
1914
775
1914
776
1914
777
1914
778
1914
779
1914
780
1915
772
1915
773
1915
774
1915
775
1915
776
1915
777
1915
778
1915
779
1915
780
1916
772
1916
773
1916
774
1916
775
1916
776
1916
777
1916
778
1916
779
1917
772
1917
773
1917
774
1917
775
1917
776
1917
777
1917
778
1917
779
1918
773
1918
774
1918
775
1918
776
1918
777
1918
778
1918
779
1919
773
1919
774
1919
775
1919
776
1919
777
1919
778
1920
774
1920
775
1920
776
1920
777
1920
778
1921
775
1921
776
1921
777
0
1915
571
1915
572
1915
573
1916
570
1916
571
1916
572
1916
573
1916
574
1917
570
1917
571
1917
572
1917
573
1917
574
1918
570
1918
571
1918
572
1918
573
1918
574
1919
570
1919
571
1919
572
1919
573
1919
574
0
1926
861
1926
862
1926
863
1927
859
1927
860
1927
861
1927
862
1927
863
1927
864
1928
859
1928
860
1928
861
1928
862
1928
863
1928
864
1928
865
1929
859
1929
860
1929
861
1929
862
1929
863
1929
864
1929
865
1930
860
1930
861
1930
862
1930
863
1930
864
1930
865
1930
866
1931
861
1931
862
1931
863
1931
864
1931
865
1931
866
1932
866
0
1928
872
1929
872
1929
873
1930
872
1930
873
1930
874
1931
872
1931
873
1931
874
1932
872
1932
873
1932
874
1932
875
1933
873
1933
874
1933
875
1934
873
1934
874
1934
875
1935
873
1935
874
1935
875
1936
874
0
1934
837
1934
838
1934
839
1935
836
1935
837
1935
838
1935
839
1936
836
1936
837
1936
838
1936
839
1937
836
1937
837
1937
838
1937
839
0
1936
843
1936
844
1937
842
1937
843
1937
844
1938
842
1938
843
1938
844
1938
845
1939
841
1939
842
1939
843
1939
844
1940
842
1940
843
1940
844
0
1947
521
1947
522
1948
519
1948
520
1948
521
1948
522
1948
523
1948
524
1948
525
1948
526
1949
517
1949
518
1949
519
1949
520
1949
521
1949
522
1949
523
1949
524
1949
525
1950
516
1950
517
1950
518
1950
519
1950
520
1950
521
1950
522
1950
523
1950
524
1951
512
1951
513
1951
514
1951
515
1951
516
1951
517
1951
518
1951
519
1951
520
1951
521
1951
522
1951
523
1952
512
1952
513
1952
514
1952
515
1952
516
1952
517
1952
518
1952
519
1952
520
1952
521
1952
522
1952
523
1952
524
1952
525
1952
526
1952
527
1953
512
1953
513
1953
514
1953
515
1953
516
1953
517
1953
518
1953
519
1953
520
1953
521
1953
522
1953
523
1953
524
1953
525
1953
526
1953
527
1953
528
1953
529
1953
530
1953
531
1953
532
1953
533
1953
534
1953
535
1954
511
1954
512
1954
513
1954
514
1954
515
1954
516
1954
517
1954
518
1954
519
1954
520
1954
521
1954
522
1954
523
1954
524
1954
525
1954
526
1954
527
1954
528
1954
529
1954
530
1954
531
1954
532
1954
533
1954
534
1954
535
1954
536
1954
537
1955
511
1955
512
1955
513
1955
514
1955
515
1955
516
1955
517
1955
518
1955
519
1955
520
1955
521
1955
522
1955
523
1955
524
1955
525
1955
526
1955
527
1955
528
1955
529
1955
530
1955
531
1955
532
1955
533
1955
534
1955
535
1955
536
1955
537
1955
538
1956
512
1956
513
1956
514
1956
515
1956
516
1956
517
1956
518
1956
519
1956
520
1956
521
1956
522
1956
523
1956
524
1956
525
1956
526
1956
527
1956
528
1956
529
1956
530
1956
531
1956
532
1956
533
1956
534
1956
535
1956
536
1956
537
1956
538
1956
539
1957
513
1957
514
1957
515
1957
516
1957
517
1957
518
1957
519
1957
520
1957
521
1957
522
1957
523
1957
524
1957
525
1957
526
1957
527
1957
528
1957
529
1957
530
1957
531
1957
532
1957
533
1957
534
1957
535
1957
536
1957
537
1957
538
1957
539
1957
540
1958
517
1958
518
1958
519
1958
520
1958
521
1958
522
1958
523
1958
524
1958
525
1958
526
1958
527
1958
528
1958
529
1958
530
1958
531
1958
532
1958
533
1958
534
1958
535
1958
536
1958
537
1958
538
1958
539
1958
540
1959
518
1959
519
1959
520
1959
521
1959
522
1959
523
1959
524
1959
525
1959
526
1959
527
1959
528
1959
529
1959
530
1959
531
1959
532
1959
533
1959
534
1959
535
1959
536
1959
537
1959
538
1959
539
1959
540
1960
522
1960
523
1960
524
1960
525
1960
526
1960
527
1960
528
1960
529
1960
530
1960
531
1960
532
1960
533
1960
534
1960
535
1960
536
1960
537
1960
538
1960
539
1960
540
1961
523
1961
524
1961
525
1961
526
1961
527
1961
528
1961
529
1961
530
1961
531
1961
532
1961
533
1961
534
1961
535
1961
536
1961
537
1961
538
1961
539
1961
540
1962
526
1962
527
1962
528
1962
529
1962
530
1962
531
1962
532
1962
533
1962
534
1962
535
1962
536
1962
537
1962
538
1962
539
1963
528
1963
529
1963
530
1963
531
1963
532
1963
533
1963
534
1963
535
1963
536
1963
537
1963
538
1963
539
1964
531
1964
532
1964
533
1964
534
1964
535
1964
536
1964
537
1964
538
0
1983
769
1983
770
1984
768
1984
769
1984
770
1984
771
1985
768
1985
769
1985
770
1985
771
1986
768
1986
769
1986
770
1986
771
1987
768
1987
769
1987
770
1987
771
1987
772
1988
768
1988
769
1988
770
1988
771
1989
769
1989
770
0
1985
389
1985
390
1985
391
1986
386
1986
387
1986
388
1986
389
1986
390
1986
391
1986
392
1986
393
1987
384
1987
385
1987
386
1987
387
1987
388
1987
389
1987
390
1987
391
1987
392
1987
393
1987
394
1987
395
1988
383
1988
384
1988
385
1988
386
1988
387
1988
388
1988
389
1988
390
1988
391
1988
392
1988
393
1988
394
1988
395
1988
396
1988
397
1988
398
1989
383
1989
384
1989
385
1989
386
1989
387
1989
388
1989
389
1989
390
1989
391
1989
392
1989
393
1989
394
1989
395
1989
396
1989
397
1989
398
1989
399
1989
400
1990
383
1990
384
1990
385
1990
386
1990
387
1990
388
1990
389
1990
390
1990
391
1990
392
1990
393
1990
394
1990
395
1990
396
1990
397
1990
398
1990
399
1990
400
1990
401
1990
402
1990
406
1990
407
1990
408
1991
383
1991
384
1991
385
1991
386
1991
387
1991
388
1991
389
1991
390
1991
391
1991
392
1991
393
1991
394
1991
395
1991
396
1991
397
1991
398
1991
399
1991
400
1991
401
1991
402
1991
403
1991
405
1991
406
1991
407
1991
408
1992
383
1992
384
1992
385
1992
386
1992
387
1992
388
1992
389
1992
390
1992
391
1992
392
1992
393
1992
394
1992
395
1992
396
1992
397
1992
398
1992
399
1992
400
1992
401
1992
402
1992
403
1992
404
1992
405
1992
406
1992
407
1993
384
1993
385
1993
386
1993
387
1993
388
1993
389
1993
390
1993
391
1993
392
1993
393
1993
394
1993
395
1993
396
1993
397
1993
398
1993
399
1993
400
1993
401
1993
402
1993
403
1993
404
1993
405
1993
406
1993
407
1993
408
1994
385
1994
386
1994
387
1994
388
1994
389
1994
390
1994
391
1994
392
1994
393
1994
394
1994
395
1994
396
1994
397
1994
398
1994
399
1994
400
1994
401
1994
402
1994
403
1994
404
1994
405
1994
406
1994
407
1994
408
1995
390
1995
391
1995
392
1995
393
1995
394
1995
395
1995
396
1995
397
1995
398
1995
399
1995
400
1995
401
1995
402
1995
403
1995
404
1995
405
1995
406
1995
407
1996
390
1996
391
1996
392
1996
393
1996
394
1996
395
1996
396
1996
397
1996
398
1996
399
1996
400
1996
401
1996
402
1996
403
1996
404
1996
405
1996
406
1996
407
1997
391
1997
392
1997
393
1997
394
1997
395
1997
396
1997
397
1997
398
1997
399
1997
400
0
1988
762
1989
761
1989
762
1989
763
1990
761
1990
762
1990
763
1990
764
1990
765
1991
759
1991
760
1991
761
1991
762
1991
763
1991
764
1991
765
1992
759
1992
760
1992
761
1992
762
1992
763
1992
764
1992
765
1993
760
1993
761
1993
762
1993
763
1993
764
0
1990
749
1990
750
1990
751
1991
747
1991
748
1991
749
1991
750
1991
751
1991
752
1991
753
1992
747
1992
748
1992
749
1992
750
1992
751
1992
752
1992
753
1992
754
1993
747
1993
748
1993
749
1993
750
1993
751
1993
752
1993
753
1993
754
1993
755
1994
747
1994
748
1994
749
1994
750
1994
751
1994
752
1994
753
1994
754
1994
755
1995
751
1995
752
1995
753
1995
754
0
2072
442
2072
443
2073
442
2073
443
2073
444
0
2144
730
2144
731
2144
732
2144
733
2145
730
2145
731
2145
732
2145
733
2145
734
2145
735
2146
729
2146
730
2146
731
2146
732
2146
733
2146
734
2146
735
2146
736
2147
728
2147
729
2147
730
2147
731
2147
732
2147
733
2147
734
2147
735
2147
736
2148
728
2148
729
2148
730
2148
731
2148
732
2148
733
2148
734
2148
735
2148
736
2149
727
2149
728
2149
729
2149
730
2149
731
2149
732
2149
733
2149
734
2149
735
2149
736
2150
726
2150
727
2150
728
2150
729
2150
730
2150
731
2150
732
2150
733
2150
734
2150
735
2150
736
2150
737
2151
726
2151
727
2151
728
2151
729
2151
730
2151
731
2151
732
2151
733
2151
734
2151
735
2151
736
2151
737
2152
726
2152
727
2152
728
2152
729
2152
730
2152
731
2152
732
2152
733
2152
734
2152
735
2152
736
2152
737
2153
727
2153
728
2153
729
2153
730
2153
731
2153
732
2153
733
2153
734
2153
735
2153
736
2153
737
2154
728
2154
729
2154
730
2154
731
2154
732
2154
733
2154
734
2154
735
2154
736
2154
737
2155
729
2155
730
2155
731
2155
732
2155
733
2155
734
2155
735
2155
736
2156
731
2156
732
2156
733
2156
734
2156
735
2156
736
2157
732
2157
733
2157
734
2157
735
2158
733
2158
734
0
2155
554
2155
555
2155
556
2156
553
2156
554
2156
555
2156
556
2157
553
2157
554
2157
555
2157
556
2157
557
2158
553
2158
554
2158
555
2158
556
2158
557
2159
553
2159
554
2159
555
2159
556
2159
557
0
2199
535
2199
536
2200
534
2200
535
2200
536
2201
535
2201
536
2201
537
0
2208
880
2208
881
2208
882
2209
880
2209
881
2209
882
2210
880
2210
881
2210
882
0
2262
445
2262
446
2262
447
2262
448
2263
444
2263
445
2263
446
2263
447
2263
448
2264
444
2264
445
2264
446
2264
447
2264
448
2265
443
2265
444
2265
445
2265
446
2265
447
2265
448
2266
443
2266
444
2266
445
2266
446
2266
447
2266
448
2266
449
2267
442
2267
443
2267
444
2267
445
2267
446
2267
447
2267
448
2267
449
2268
442
2268
443
2268
444
2268
445
2268
446
2268
447
2268
448
2268
449
2269
442
2269
443
2269
444
2269
445
2269
446
2269
447
2269
448
2270
442
2270
443
2270
444
2270
445
2270
446
2270
447
2271
443
2271
444
2271
445
2271
446
2271
447
2272
443
2272
444
2272
445
2272
446
2273
443
2273
444
2273
445
2273
446
2274
446
2275
446
2276
446
0
2299
542
2299
543
2300
542
2300
543
2301
542
2301
543
2302
541
2302
542
2302
543
2303
539
2303
540
2303
541
2303
542
2303
543
2304
537
2304
538
2304
539
2304
540
2304
541
2304
542
2304
543
2305
537
2305
538
2305
539
2305
540
2305
541
2305
542
2305
543
2306
536
2306
537
2306
538
2306
539
2306
540
2306
541
2306
542
2306
543
2307
536
2307
537
2307
538
2307
539
2307
540
2307
541
2307
542
2307
543
2308
536
2308
537
2308
538
2308
539
2308
540
2308
541
2308
542
2308
543
2309
535
2309
536
2309
537
2309
538
2309
539
2309
540
2309
541
2309
542
2309
543
2310
535
2310
536
2310
537
2310
538
2310
539
2310
540
2310
541
2310
542
2310
543
2311
535
2311
536
2311
537
2311
538
2311
539
2311
540
2311
541
2311
542
2311
543
2312
535
2312
536
2312
537
2312
538
2312
539
2312
540
2312
541
2312
542
2312
543
2313
534
2313
535
2313
536
2313
537
2313
538
2313
539
2313
540
2313
541
2313
542
2313
543
2314
534
2314
535
2314
536
2314
537
2314
538
2314
539
2314
540
2314
541
2314
542
2314
543
2315
534
2315
535
2315
536
2315
537
2315
538
2315
539
2315
540
2315
541
2315
542
2316
534
2316
535
2316
536
2316
537
2316
538
2316
539
2316
540
2316
541
2317
535
2317
538
2317
539
2317
540
2317
541
2318
539
2318
540
2319
539
2319
540
2320
538
2320
539
2321
537
2321
538
2321
539
2322
536
2322
537
2322
538
2322
539
2323
536
2323
537
2323
538
2324
537
2324
538
0
2312
307
2312
308
2313
308
2313
309
2314
307
2314
308
2314
309
2315
308
2315
309
2316
308
2316
309
2316
310
2317
309
2317
310
2318
310
0
2321
297
2321
298
2321
299
2322
297
2322
298
0
2324
311
2324
312
2325
307
2325
308
2325
309
2325
310
2325
311
2325
312
2325
313
2326
306
2326
307
2326
308
2326
309
2326
310
2326
311
2326
312
2327
291
2327
292
2327
293
2327
294
2327
295
2327
296
2327
300
2327
301
2327
302
2327
304
2327
306
2327
307
2327
308
2327
309
2327
310
2327
311
2327
312
2327
313
2328
290
2328
291
2328
292
2328
293
2328
294
2328
295
2328
296
2328
297
2328
298
2328
299
2328
300
2328
301
2328
302
2328
303
2328
304
2328
305
2328
306
2328
307
2328
308
2328
309
2328
310
2328
311
2328
312
2328
313
2329
290
2329
291
2329
292
2329
293
2329
294
2329
295
2329
296
2329
297
2329
298
2329
299
2329
300
2329
301
2329
302
2329
303
2329
304
2329
305
2329
306
2329
307
2329
308
2329
309
2329
310
2329
311
2329
312
2329
313
2330
290
2330
291
2330
292
2330
293
2330
294
2330
295
2330
296
2330
297
2330
298
2330
299
2330
300
2330
301
2330
302
2330
303
2330
304
2330
305
2330
306
2330
307
2330
308
2330
309
2330
310
2330
311
2330
312
2331
291
2331
292
2331
293
2331
296
2331
297
2331
298
2331
299
2331
300
2331
301
2331
302
2331
303
2331
304
2331
305
2331
306
2331
307
2331
308
2331
309
2331
310
2332
297
2332
298
2332
299
2332
300
2332
301
2332
302
2332
303
2332
304
2332
305
2332
306
2333
299
2333
300
0
2324
533
2324
534
2325
532
2325
533
2325
534
2326
531
2326
532
2326
533
2326
534
2327
526
2327
527
2327
528
2327
531
2327
532
2327
533
2328
525
2328
526
2328
527
2328
528
2328
529
2328
530
2328
531
2328
532
2328
533
2329
524
2329
525
2329
526
2329
527
2329
528
2329
529
2329
530
2329
531
2329
532
2329
533
2330
524
2330
525
2330
526
2330
527
2330
528
2330
529
2330
530
2330
531
2330
532
2330
533
2331
523
2331
524
2331
525
2331
526
2331
527
2331
528
2331
529
2331
530
2331
531
2331
532
2331
533
2332
523
2332
524
2332
525
2332
526
2332
527
2332
528
2332
529
2332
530
2332
531
2332
532
2332
533
2333
523
2333
524
2333
525
2333
526
2333
527
2333
528
2333
529
2333
530
2333
531
2333
532
2333
533
2334
522
2334
523
2334
524
2334
525
2334
526
2334
527
2334
528
2334
529
2334
530
2334
531
2334
532
2335
522
2335
523
2335
524
2335
525
2335
526
2335
527
2335
528
2335
529
2335
530
2335
531
2335
532
2335
535
2335
536
2336
522
2336
523
2336
524
2336
525
2336
526
2336
527
2336
528
2336
529
2336
530
2336
531
2336
532
2336
533
2336
534
2336
535
2336
536
2337
522
2337
523
2337
524
2337
525
2337
526
2337
527
2337
528
2337
529
2337
530
2337
531
2337
532
2337
533
2337
534
2337
535
2337
536
2338
521
2338
522
2338
523
2338
524
2338
525
2338
526
2338
527
2338
528
2338
529
2338
530
2338
531
2338
532
2338
533
2338
534
2338
535
2339
521
2339
522
2339
523
2339
524
2339
525
2339
526
2339
527
2339
528
2339
529
2339
530
2339
531
2339
532
2339
533
2339
534
2339
535
2340
521
2340
522
2340
523
2340
524
2340
525
2340
526
2340
527
2340
528
2340
529
2340
530
2340
531
2340
532
2340
533
2340
534
2340
535
2341
521
2341
522
2341
523
2341
524
2341
525
2341
526
2341
527
2341
528
2341
529
2341
530
2341
531
2341
532
2341
533
2341
534
2342
520
2342
521
2342
522
2342
523
2342
524
2342
525
2342
526
2342
527
2342
528
2342
529
2342
530
2342
531
2342
532
2342
533
2342
534
2343
520
2343
521
2343
522
2343
523
2343
524
2343
525
2343
526
2343
527
2343
528
2343
529
2343
530
2343
531
2343
532
2343
533
2344
520
2344
521
2344
522
2344
523
2344
524
2344
525
2344
526
2344
527
2344
528
2344
529
2344
530
2344
531
2344
532
2344
533
2345
519
2345
520
2345
521
2345
522
2345
523
2345
524
2345
525
2345
526
2345
527
2345
528
2345
529
2345
530
2345
531
2345
532
2346
519
2346
520
2346
521
2346
522
2346
523
2346
524
2346
525
2346
526
2346
527
2346
528
2346
529
2346
530
2346
531
2346
532
2347
519
2347
520
2347
521
2347
522
2347
523
2347
524
2347
525
2347
526
2347
527
2347
528
2347
529
2347
530
2347
531
2347
532
2348
518
2348
519
2348
520
2348
521
2348
522
2348
523
2348
524
2348
525
2348
526
2348
527
2348
528
2348
529
2348
530
2348
531
2348
532
2349
518
2349
519
2349
520
2349
521
2349
522
2349
523
2349
524
2349
525
2349
526
2349
527
2349
528
2349
529
2349
530
2349
531
2349
532
2350
518
2350
519
2350
520
2350
521
2350
522
2350
523
2350
524
2350
525
2350
526
2350
527
2350
528
2350
529
2350
530
2350
531
2350
532
2350
533
2351
517
2351
518
2351
519
2351
520
2351
521
2351
522
2351
523
2351
524
2351
525
2351
526
2351
527
2351
528
2351
529
2351
530
2351
531
2351
532
2351
533
2352
517
2352
518
2352
519
2352
520
2352
521
2352
522
2352
523
2352
524
2352
525
2352
526
2352
527
2352
528
2352
529
2352
530
2352
531
2352
532
2352
533
2353
517
2353
518
2353
519
2353
520
2353
521
2353
522
2353
523
2353
524
2353
525
2353
526
2353
527
2353
528
2353
529
2353
530
2353
531
2353
532
2353
533
2354
517
2354
518
2354
519
2354
520
2354
521
2354
522
2354
523
2354
524
2354
525
2354
526
2354
527
2354
528
2354
529
2354
530
2354
531
2354
532
2354
533
2355
517
2355
518
2355
519
2355
520
2355
521
2355
522
2355
523
2355
524
2355
525
2355
526
2355
527
2355
528
2355
529
2355
530
2355
531
2355
532
2355
533
2356
517
2356
518
2356
519
2356
520
2356
521
2356
522
2356
523
2356
524
2356
525
2356
526
2356
527
2356
528
2356
529
2356
530
2356
531
2356
532
2356
533
2357
517
2357
518
2357
519
2357
520
2357
521
2357
522
2357
523
2357
524
2357
525
2357
526
2357
527
2357
528
2357
529
2357
530
2357
531
2357
532
2357
533
2358
517
2358
518
2358
519
2358
520
2358
521
2358
522
2358
523
2358
524
2358
525
2358
526
2358
527
2358
528
2358
529
2358
530
2358
531
2358
532
2359
517
2359
518
2359
519
2359
520
2359
521
2359
522
2359
523
2359
524
2359
525
2359
526
2359
527
2359
528
2359
529
2359
530
2359
531
2360
517
2360
518
2360
519
2360
520
2360
521
2360
522
2360
523
2360
524
2360
525
2360
526
2360
527
2360
528
2360
529
2360
530
2360
531
2361
518
2361
519
2361
520
2361
521
2361
522
2361
523
2361
524
2361
525
2361
526
2361
527
2361
528
2361
529
2361
530
2362
518
2362
519
2362
520
2362
521
2362
522
2362
523
2362
524
2362
525
2362
526
2362
527
2362
528
2362
529
2362
530
2363
519
2363
520
2363
521
2363
522
2363
523
2363
524
2363
525
2363
526
2363
527
2363
528
2363
529
2363
530
2364
519
2364
520
2364
521
2364
522
2364
523
2364
524
2364
525
2364
526
2364
527
2364
528
2364
529
2364
530
2365
519
2365
520
2365
521
2365
522
2365
523
2365
524
2365
525
2365
526
2365
527
2365
528
2365
529
2366
519
2366
520
2366
521
2366
522
2366
523
2366
524
2366
525
2366
526
2366
527
2366
528
2367
519
2367
520
2367
521
2367
522
2367
523
2367
524
2367
525
2367
526
2367
527
2368
519
2368
520
2368
521
2368
522
2368
523
2368
524
2368
525
2368
526
2369
518
2369
519
2369
520
2369
521
2369
522
2369
523
2369
524
2369
525
2369
526
2370
518
2370
519
2370
520
2370
521
2370
522
2370
523
2370
524
2370
525
2370
526
2371
518
2371
519
2371
520
2371
521
2371
522
2371
523
2371
524
2371
525
2371
526
2372
518
2372
519
2372
520
2372
521
2372
522
2372
523
2372
524
2372
525
2372
526
2373
517
2373
518
2373
519
2373
520
2373
521
2373
522
2373
523
2373
524
2373
525
2374
517
2374
518
2374
519
2374
520
2374
521
2374
522
2374
523
2374
524
2374
525
2375
517
2375
518
2375
519
2375
520
2375
521
2375
522
2375
523
2375
524
2376
517
2376
518
2376
519
2376
520
2376
521
2376
522
2376
523
2377
517
2377
518
2377
519
2377
520
2377
521
2377
522
2377
523
2378
518
2378
519
2378
520
2378
521
2378
522
2378
523
2379
518
2379
519
2379
520
2379
521
2379
522
0
2361
471
2361
472
2361
473
2361
474
2361
475
2362
470
2362
471
2362
472
2362
473
2362
474
2362
475
2362
476
2363
470
2363
471
2363
472
2363
473
2363
474
2363
475
2363
476
2363
477
2363
479
2363
480
2363
481
2363
482
2364
470
2364
471
2364
472
2364
473
2364
474
2364
475
2364
476
2364
477
2364
478
2364
479
2364
480
2364
481
2364
482
2364
483
2364
484
2365
470
2365
471
2365
472
2365
473
2365
474
2365
475
2365
476
2365
477
2365
478
2365
479
2365
480
2365
481
2365
482
2365
483
2365
484
2365
485
2366
471
2366
472
2366
473
2366
474
2366
475
2366
476
2366
477
2366
478
2366
479
2366
480
2366
481
2366
482
2366
483
2366
484
2366
485
2367
472
2367
473
2367
474
2367
475
2367
476
2367
477
2367
478
2367
479
2367
480
2367
481
2367
482
2367
483
2367
484
2367
485
2368
478
2368
479
2368
480
2368
481
2368
482
2368
483
2368
484
2368
485
0
2369
237
2369
238
2370
236
2370
237
2370
238
2371
235
2371
236
2371
237
2371
238
2371
239
2372
234
2372
235
2372
236
2372
237
2372
238
2372
239
2373
231
2373
232
2373
233
2373
234
2373
235
2373
236
2373
237
2373
238
2374
230
2374
231
2374
232
2374
233
2374
234
2374
235
2374
236
2374
237
2374
238
2375
230
2375
231
2375
232
2375
233
2375
234
2375
235
2375
236
2375
237
2375
238
2376
230
2376
231
2376
232
2376
233
2376
234
2376
235
2376
236
2376
237
2377
230
2377
231
2377
232
2377
233
2377
234
2377
235
2378
230
2378
231
2378
232
2378
233
2379
231
2379
232
0
2390
154
2390
155
2390
156
2390
157
2391
154
2391
155
2391
156
2391
157
2392
154
2392
155
2392
156
2392
157
2393
155
2393
156
2393
157
0
2413
10
2413
11
2413
12
2414
10
2414
11
2414
12
0
2439
513
2439
514
2439
515
2439
516
2440
513
2440
514
2440
515
2440
516
2441
513
2441
514
2441
515
2441
516
2441
517
2442
513
2442
514
2442
515
2442
516
2442
517
2443
512
2443
513
2443
514
2443
515
2443
516
2443
517
2444
512
2444
513
2444
514
2444
515
2444
516
2444
517
2445
511
2445
512
2445
513
2445
514
2445
515
2445
516
2445
517
2446
511
2446
512
2446
513
2446
514
2446
515
2446
516
2446
517
2447
511
2447
512
2447
513
2447
514
2447
515
2447
516
2447
517
2448
512
2448
513
2448
514
2448
515
2448
516
2449
512
2449
513
2449
514
2449
515
2449
516
2449
517
2450
513
2450
514
2450
515
2450
516
2450
517
2451
513
2451
514
2451
515
2451
516
2451
517
2452
514
2452
515
2452
516
2452
517
0
2541
87
2541
88
2541
89
2542
86
2542
87
2542
88
2542
89
2542
90
2543
86
2543
87
2543
88
2543
89
2543
90
2544
86
2544
87
2544
88
2544
89
2544
90
2545
87
2545
88
2545
89
2545
90
0
2552
469
2552
470
2552
471
2552
472
2552
473
2553
467
2553
468
2553
469
2553
470
2553
471
2553
472
2553
473
2554
466
2554
467
2554
468
2554
469
2554
470
2554
471
2554
472
2554
473
2554
474
2555
466
2555
467
2555
468
2555
469
2555
470
2555
471
2555
472
2555
473
2555
474
2556
465
2556
466
2556
467
2556
468
2556
469
2556
470
2556
471
2556
472
2556
473
2556
474
2557
465
2557
466
2557
467
2557
468
2557
469
2557
470
2557
471
2557
472
2557
473
2557
474
2558
465
2558
466
2558
467
2558
468
2558
469
2558
470
2558
471
2558
472
2558
473
2558
474
2559
465
2559
466
2559
467
2559
468
2559
469
2559
470
2559
471
2559
472
2559
473
2559
474
2560
464
2560
465
2560
466
2560
467
2560
468
2560
469
2560
470
2560
471
2560
472
2560
473
2560
474
2561
464
2561
465
2561
466
2561
467
2561
468
2561
469
2561
470
2561
471
2561
472
2561
473
2562
464
2562
465
2562
466
2562
467
2562
468
2562
469
2562
470
2562
471
2562
472
2562
473
2563
464
2563
465
2563
466
2563
467
2563
468
2563
469
2563
470
2563
471
2563
472
2564
464
2564
465
2564
466
2564
467
2564
468
2564
469
2564
470
2564
471
2565
466
2565
468
2565
469
2565
470
2566
468
2566
469
0
2553
434
2553
435
2553
436
2553
437
2553
438
2554
433
2554
434
2554
435
2554
436
2554
437
2554
438
2554
439
2554
440
2554
441
2554
442
2555
431
2555
432
2555
433
2555
434
2555
435
2555
436
2555
437
2555
438
2555
439
2555
440
2555
441
2555
442
2555
443
2555
444
2556
430
2556
431
2556
432
2556
433
2556
434
2556
435
2556
436
2556
437
2556
438
2556
439
2556
440
2556
441
2556
442
2556
443
2556
444
2556
445
2557
430
2557
431
2557
432
2557
433
2557
434
2557
435
2557
436
2557
437
2557
438
2557
439
2557
440
2557
441
2557
442
2557
443
2557
444
2557
445
2558
429
2558
430
2558
431
2558
432
2558
433
2558
434
2558
435
2558
436
2558
437
2558
438
2558
439
2558
440
2558
441
2558
442
2558
443
2558
444
2558
445
2558
446
2559
429
2559
430
2559
431
2559
432
2559
433
2559
434
2559
435
2559
436
2559
437
2559
438
2559
439
2559
440
2559
441
2559
442
2559
443
2559
444
2559
445
2559
446
2559
447
2560
428
2560
429
2560
430
2560
431
2560
432
2560
433
2560
434
2560
435
2560
436
2560
437
2560
438
2560
439
2560
440
2560
441
2560
442
2560
443
2560
444
2560
445
2560
446
2560
447
2560
448
2561
427
2561
428
2561
429
2561
430
2561
431
2561
432
2561
433
2561
434
2561
435
2561
436
2561
437
2561
438
2561
439
2561
440
2561
441
2561
442
2561
443
2561
444
2561
445
2561
446
2561
447
2561
448
2561
449
2562
426
2562
427
2562
428
2562
429
2562
430
2562
431
2562
432
2562
433
2562
434
2562
435
2562
436
2562
437
2562
438
2562
439
2562
440
2562
441
2562
442
2562
443
2562
444
2562
445
2562
446
2562
447
2562
448
2562
449
2562
450
2563
426
2563
427
2563
428
2563
429
2563
430
2563
431
2563
432
2563
433
2563
434
2563
435
2563
436
2563
437
2563
438
2563
439
2563
440
2563
441
2563
442
2563
443
2563
444
2563
445
2563
446
2563
447
2563
448
2563
449
2563
450
2563
451
2564
425
2564
426
2564
427
2564
428
2564
429
2564
430
2564
431
2564
432
2564
433
2564
434
2564
435
2564
436
2564
437
2564
438
2564
439
2564
440
2564
441
2564
442
2564
443
2564
444
2564
445
2564
446
2564
447
2564
448
2564
449
2564
450
2564
451
2564
452
2565
425
2565
426
2565
427
2565
428
2565
429
2565
430
2565
431
2565
432
2565
433
2565
434
2565
435
2565
436
2565
437
2565
438
2565
439
2565
440
2565
441
2565
442
2565
443
2565
444
2565
445
2565
446
2565
449
2565
450
2565
451
2565
452
2566
425
2566
426
2566
427
2566
428
2566
429
2566
430
2566
431
2566
432
2566
433
2566
434
2566
435
2566
436
2566
437
2566
438
2566
439
2566
440
2566
441
2566
442
2566
443
2566
444
2566
445
2566
446
2566
447
2566
450
2566
451
2566
452
2567
425
2567
426
2567
427
2567
428
2567
429
2567
430
2567
431
2567
432
2567
433
2567
434
2567
435
2567
436
2567
437
2567
438
2567
439
2567
440
2567
441
2567
442
2567
443
2567
444
2567
445
2567
446
2567
447
2567
451
2567
452
2568
426
2568
427
2568
428
2568
429
2568
430
2568
431
2568
432
2568
433
2568
434
2568
435
2568
436
2568
437
2568
438
2568
439
2568
440
2568
441
2568
442
2568
443
2568
444
2568
445
2568
446
2568
447
2568
448
2568
449
2569
428
2569
429
2569
430
2569
431
2569
432
2569
433
2569
434
2569
435
2569
436
2569
437
2569
438
2569
439
2569
440
2569
441
2569
442
2569
443
2569
444
2569
445
2569
446
2569
447
2569
448
2569
449
2569
452
2570
429
2570
430
2570
431
2570
432
2570
433
2570
434
2570
435
2570
436
2570
437
2570
438
2570
439
2570
440
2570
441
2570
442
2570
443
2570
444
2570
445
2570
446
2570
447
2570
448
2570
449
2570
450
2570
451
2570
452
2570
453
2570
454
2571
419
2571
420
2571
430
2571
431
2571
432
2571
433
2571
434
2571
435
2571
436
2571
437
2571
438
2571
439
2571
440
2571
441
2571
442
2571
443
2571
444
2571
445
2571
446
2571
447
2571
448
2571
449
2571
450
2571
451
2571
452
2571
453
2571
454
2572
416
2572
417
2572
418
2572
419
2572
420
2572
421
2572
432
2572
433
2572
434
2572
438
2572
439
2572
440
2572
441
2572
442
2572
443
2572
444
2572
445
2572
446
2572
447
2572
448
2572
449
2572
450
2572
451
2572
452
2572
453
2572
454
2573
414
2573
415
2573
416
2573
417
2573
418
2573
419
2573
420
2573
421
2573
422
2573
423
2573
439
2573
440
2573
441
2573
442
2573
443
2573
444
2573
445
2573
446
2573
447
2573
448
2573
449
2573
450
2573
451
2573
452
2574
413
2574
414
2574
415
2574
416
2574
417
2574
418
2574
419
2574
420
2574
421
2574
422
2574
423
2574
424
2574
436
2574
437
2574
438
2574
439
2574
440
2574
441
2574
442
2574
443
2574
444
2574
445
2574
446
2574
447
2574
448
2574
449
2574
450
2574
451
2575
413
2575
414
2575
415
2575
416
2575
417
2575
418
2575
419
2575
420
2575
421
2575
422
2575
423
2575
424
2575
425
2575
436
2575
437
2575
438
2575
439
2575
440
2575
441
2575
442
2575
443
2575
444
2575
445
2575
446
2575
447
2575
448
2575
449
2575
450
2575
451
2576
413
2576
414
2576
415
2576
416
2576
417
2576
418
2576
419
2576
420
2576
421
2576
422
2576
423
2576
424
2576
425
2576
426
2576
427
2576
436
2576
437
2576
438
2576
439
2576
440
2576
441
2576
442
2576
443
2576
444
2576
445
2576
446
2576
447
2576
448
2576
449
2576
450
2576
451
2577
413
2577
414
2577
415
2577
416
2577
417
2577
418
2577
419
2577
420
2577
421
2577
422
2577
423
2577
424
2577
425
2577
426
2577
427
2577
428
2577
429
2577
430
2577
431
2577
432
2577
436
2577
437
2577
438
2577
439
2577
440
2577
441
2577
442
2577
443
2577
444
2577
445
2577
446
2577
447
2577
448
2577
449
2577
450
2577
451
2578
412
2578
413
2578
414
2578
415
2578
416
2578
417
2578
418
2578
419
2578
420
2578
421
2578
422
2578
423
2578
424
2578
425
2578
426
2578
427
2578
428
2578
429
2578
430
2578
431
2578
432
2578
433
2578
434
2578
435
2578
436
2578
437
2578
438
2578
439
2578
440
2578
441
2578
442
2578
443
2578
444
2578
445
2578
446
2578
447
2578
448
2578
449
2578
450
2578
451
2578
452
2579
412
2579
413
2579
414
2579
415
2579
416
2579
417
2579
418
2579
419
2579
420
2579
421
2579
422
2579
423
2579
424
2579
425
2579
426
2579
427
2579
428
2579
429
2579
430
2579
431
2579
432
2579
433
2579
434
2579
435
2579
436
2579
437
2579
438
2579
439
2579
440
2579
441
2579
442
2579
443
2579
444
2579
445
2579
446
2579
447
2579
448
2579
449
2579
450
2579
451
2579
452
2579
453
2580
413
2580
414
2580
415
2580
416
2580
417
2580
418
2580
419
2580
420
2580
421
2580
422
2580
423
2580
424
2580
425
2580
426
2580
427
2580
428
2580
429
2580
430
2580
431
2580
432
2580
433
2580
434
2580
435
2580
436
2580
441
2580
442
2580
443
2580
444
2580
445
2580
446
2580
447
2580
448
2580
449
2580
450
2580
451
2580
452
2580
453
2581
413
2581
414
2581
415
2581
416
2581
417
2581
418
2581
419
2581
420
2581
421
2581
422
2581
423
2581
424
2581
425
2581
426
2581
427
2581
428
2581
429
2581
430
2581
431
2581
432
2581
433
2581
434
2581
435
2581
436
2581
444
2581
445
2581
446
2581
447
2581
448
2581
449
2581
450
2581
451
2581
452
2581
455
2582
415
2582
416
2582
417
2582
418
2582
419
2582
420
2582
421
2582
422
2582
423
2582
424
2582
425
2582
426
2582
427
2582
428
2582
429
2582
430
2582
431
2582
432
2582
433
2582
434
2582
435
2582
436
2582
450
2582
451
2582
452
2582
453
2582
454
2582
455
2583
420
2583
424
2583
425
2583
426
2583
427
2583
428
2583
429
2583
430
2583
431
2583
432
2583
433
2583
434
2583
435
2583
436
2583
450
2583
451
2583
452
2583
453
2583
454
2583
455
2583
456
2584
425
2584
426
2584
427
2584
428
2584
429
2584
430
2584
431
2584
432
2584
433
2584
434
2584
435
2584
436
2584
451
2584
452
2584
453
2584
454
2584
455
2584
456
2585
425
2585
426
2585
427
2585
428
2585
429
2585
430
2585
431
2585
432
2585
433
2585
434
2585
435
2585
436
2585
451
2585
452
2585
453
2585
454
2585
455
2586
425
2586
426
2586
427
2586
428
2586
429
2586
430
2586
431
2586
432
2586
433
2586
434
2586
435
2586
436
2586
451
2586
452
2586
453
2586
454
2587
426
2587
427
2587
428
2587
429
2587
430
2587
431
2587
432
2587
433
2587
434
2587
435
2587
436
2587
451
2587
452
2587
453
2587
454
2588
427
2588
428
2588
429
2588
430
2588
431
2588
432
2588
433
2588
434
2588
435
2588
436
2588
451
2588
452
2588
453
2589
428
2589
429
2589
430
2589
431
2589
432
2589
433
2589
434
2589
435
2589
436
2589
451
2589
452
2589
453
2590
429
2590
430
2590
431
2590
432
2590
433
2590
434
2590
435
2590
450
2590
451
2590
452
2590
453
2591
448
2591
449
2591
450
2591
451
2591
452
2592
447
2592
448
2592
449
2592
450
2592
451
2592
452
2593
446
2593
447
2593
448
2593
449
2593
450
2593
451
2593
452
2594
445
2594
446
2594
447
2594
448
2594
449
2594
450
2594
451
2594
452
2595
444
2595
445
2595
446
2595
447
2595
448
2595
449
2595
450
2595
451
2596
443
2596
444
2596
445
2596
446
2596
447
2596
448
2596
449
2596
450
2596
451
2597
443
2597
444
2597
445
2597
446
2597
447
2597
448
2597
449
2597
450
2598
442
2598
443
2598
444
2598
445
2598
446
2598
447
2598
448
2598
449
2599
442
2599
443
2599
444
2599
445
2599
446
2599
447
2599
448
2600
442
2600
443
2600
444
2600
445
2600
446
2601
444
2601
445
0
2573
459
2573
460
2573
461
2573
462
2574
458
2574
459
2574
460
2574
461
2574
462
2575
458
2575
459
2575
460
2575
461
2575
462
2576
458
2576
459
2576
460
2576
461
2576
462
2577
458
2577
459
2577
460
2577
461
2577
462
2578
458
2578
459
2578
460
2578
461
0
2614
465
2614
466
2614
467
2615
464
2615
465
2615
466
2615
467
2615
468
2616
464
2616
465
2616
466
2616
467
2616
468
2617
465
2617
466
2617
467
2617
468
2618
466
2618
467
2618
468
2618
469
0
2622
257
2622
258
2622
262
2622
263
2622
264
2622
265
2623
256
2623
257
2623
258
2623
259
2623
261
2623
262
2623
263
2623
264
2623
265
2624
256
2624
257
2624
258
2624
259
2624
260
2624
261
2624
262
2624
263
2624
264
2624
265
2624
266
2625
255
2625
256
2625
257
2625
258
2625
259
2625
260
2625
261
2625
262
2625
263
2625
264
2625
265
2625
266
2626
253
2626
254
2626
255
2626
256
2626
257
2626
258
2626
259
2626
260
2626
261
2626
262
2626
263
2626
264
2626
265
2627
252
2627
253
2627
254
2627
255
2627
256
2627
257
2627
258
2627
259
2627
260
2627
261
2627
262
2627
263
2627
264
2627
265
2628
250
2628
251
2628
252
2628
253
2628
254
2628
255
2628
256
2628
257
2628
258
2628
259
2628
260
2628
261
2628
262
2628
263
2628
264
2628
265
2629
249
2629
250
2629
251
2629
252
2629
253
2629
254
2629
255
2629
256
2629
257
2629
258
2629
259
2629
260
2629
261
2629
262
2629
263
2629
264
2629
265
2630
248
2630
249
2630
250
2630
251
2630
252
2630
253
2630
254
2630
255
2630
256
2630
257
2630
258
2630
259
2630
260
2630
261
2630
262
2630
263
2630
264
2630
265
2631
246
2631
247
2631
248
2631
249
2631
250
2631
251
2631
252
2631
253
2631
254
2631
255
2631
256
2631
257
2631
258
2631
259
2631
260
2631
261
2631
262
2631
263
2631
264
2631
265
2632
245
2632
246
2632
247
2632
248
2632
249
2632
250
2632
251
2632
252
2632
253
2632
254
2632
255
2632
256
2632
257
2632
258
2632
259
2632
260
2632
261
2632
262
2632
263
2633
244
2633
245
2633
246
2633
247
2633
248
2633
249
2633
250
2633
251
2633
252
2633
253
2633
254
2633
255
2633
256
2633
257
2633
258
2633
259
2633
260
2633
261
2633
262
2634
243
2634
244
2634
245
2634
246
2634
247
2634
248
2634
249
2634
250
2634
251
2634
252
2634
253
2634
254
2634
255
2634
256
2634
257
2634
258
2635
237
2635
239
2635
240
2635
241
2635
242
2635
243
2635
244
2635
245
2635
246
2635
247
2635
248
2635
249
2635
250
2635
251
2635
252
2635
253
2635
254
2635
255
2636
234
2636
235
2636
236
2636
237
2636
238
2636
239
2636
240
2636
241
2636
242
2636
243
2636
244
2636
245
2636
246
2636
247
2636
248
2636
249
2636
250
2636
251
2636
252
2636
253
2636
254
2637
233
2637
234
2637
235
2637
236
2637
237
2637
238
2637
239
2637
240
2637
241
2637
242
2637
243
2637
244
2637
245
2637
246
2637
247
2637
248
2637
249
2637
250
2637
251
2637
252
2638
232
2638
233
2638
234
2638
235
2638
236
2638
237
2638
238
2638
239
2638
240
2638
241
2638
242
2638
243
2638
244
2638
245
2638
246
2638
247
2638
248
2638
249
2638
250
2638
251
2639
231
2639
232
2639
233
2639
234
2639
235
2639
236
2639
237
2639
238
2639
239
2639
240
2639
241
2639
242
2639
243
2639
244
2639
245
2639
246
2639
247
2639
248
2639
249
2639
250
2640
231
2640
232
2640
233
2640
234
2640
235
2640
236
2640
237
2640
238
2640
239
2640
240
2640
241
2640
242
2640
243
2640
244
2640
245
2640
246
2640
247
2640
248
2640
249
2641
231
2641
232
2641
233
2641
234
2641
235
2641
236
2641
237
2641
238
2641
239
2641
240
2641
241
2641
242
2641
243
2641
244
2641
245
2641
246
2641
247
2641
248
2642
231
2642
232
2642
233
2642
234
2642
235
2642
236
2642
237
2642
238
2642
239
2642
240
2642
241
2642
242
2642
243
2642
244
2642
245
2642
246
2642
247
2643
231
2643
232
2643
233
2643
234
2643
235
2643
236
2643
237
2643
238
2643
239
2643
240
2643
241
2643
242
2643
243
2643
244
2643
245
2643
246
2644
232
2644
233
2644
234
2644
235
2644
236
2644
237
2644
238
2644
239
2644
240
2644
241
2644
242
2644
243
2644
244
2645
234
2645
235
2645
236
2645
237
2645
238
2645
239
2645
240
2645
241
2645
242
2645
243
2646
237
2646
238
2646
239
2646
240
0
2789
52
2789
53
2789
55
2789
56
2789
57
2789
58
2790
52
2790
53
2790
54
2790
55
2790
56
2790
57
2790
58
2790
59
2790
60
2791
52
2791
53
2791
54
2791
55
2791
56
2791
57
2791
58
2791
59
2791
60
2791
61
2792
51
2792
52
2792
53
2792
54
2792
55
2792
56
2792
57
2792
58
2792
59
2792
60
2792
61
2792
62
2793
51
2793
52
2793
53
2793
54
2793
55
2793
56
2793
57
2793
58
2793
59
2793
60
2793
61
2793
62
2793
63
2794
37
2794
38
2794
39
2794
40
2794
53
2794
54
2794
55
2794
56
2794
57
2794
58
2794
59
2794
60
2794
61
2794
62
2794
63
2794
64
2795
36
2795
37
2795
38
2795
39
2795
40
2795
41
2795
42
2795
53
2795
54
2795
55
2795
56
2795
57
2795
58
2795
59
2795
60
2795
61
2795
62
2795
63
2795
64
2796
36
2796
37
2796
38
2796
39
2796
40
2796
41
2796
42
2796
52
2796
53
2796
54
2796
55
2796
56
2796
57
2796
58
2796
59
2796
60
2796
61
2796
62
2796
63
2796
64
2797
36
2797
37
2797
38
2797
39
2797
40
2797
41
2797
42
2797
43
2797
48
2797
49
2797
50
2797
51
2797
52
2797
53
2797
54
2797
55
2797
56
2797
57
2797
58
2797
59
2797
60
2797
61
2797
62
2797
63
2797
64
2798
36
2798
37
2798
38
2798
39
2798
40
2798
41
2798
42
2798
43
2798
44
2798
46
2798
47
2798
48
2798
49
2798
50
2798
51
2798
52
2798
53
2798
54
2798
55
2798
56
2798
57
2798
58
2798
59
2798
60
2798
61
2798
62
2798
63
2798
64
2799
36
2799
37
2799
38
2799
39
2799
40
2799
41
2799
42
2799
43
2799
44
2799
45
2799
46
2799
47
2799
48
2799
49
2799
50
2799
51
2799
52
2799
53
2799
54
2799
55
2799
56
2799
57
2799
58
2799
59
2799
60
2799
61
2799
62
2799
63
2799
64
2799
65
2800
36
2800
37
2800
38
2800
39
2800
40
2800
41
2800
42
2800
43
2800
44
2800
45
2800
46
2800
47
2800
48
2800
49
2800
50
2800
51
2800
52
2800
53
2800
54
2800
55
2800
56
2800
57
2800
58
2800
59
2800
60
2800
61
2800
62
2800
63
2800
64
2800
65
2801
36
2801
37
2801
38
2801
39
2801
40
2801
41
2801
42
2801
43
2801
44
2801
45
2801
46
2801
47
2801
48
2801
49
2801
50
2801
51
2801
52
2801
53
2801
54
2801
55
2801
56
2801
57
2801
58
2801
59
2801
60
2801
61
2801
62
2801
63
2801
64
2801
65
2802
36
2802
37
2802
38
2802
39
2802
40
2802
41
2802
42
2802
43
2802
44
2802
45
2802
46
2802
47
2802
48
2802
49
2802
50
2802
51
2802
52
2802
53
2802
54
2802
55
2802
56
2802
57
2802
58
2802
59
2802
60
2802
61
2802
62
2802
63
2802
64
2802
65
2803
36
2803
37
2803
38
2803
39
2803
40
2803
41
2803
42
2803
43
2803
44
2803
45
2803
46
2803
47
2803
48
2803
49
2803
50
2803
51
2803
52
2803
53
2803
54
2803
55
2803
56
2803
57
2803
58
2803
59
2803
60
2803
61
2803
62
2803
63
2803
64
2803
65
2804
37
2804
38
2804
39
2804
40
2804
41
2804
42
2804
43
2804
44
2804
45
2804
46
2804
47
2804
48
2804
49
2804
50
2804
51
2804
52
2804
53
2804
54
2804
55
2804
56
2804
57
2804
58
2804
59
2804
60
2804
61
2804
62
2804
63
2804
64
2805
37
2805
38
2805
39
2805
40
2805
41
2805
42
2805
43
2805
44
2805
45
2805
46
2805
47
2805
48
2805
49
2805
50
2805
51
2805
52
2805
53
2805
54
2805
55
2805
56
2805
57
2805
58
2805
59
2805
60
2805
61
2805
62
2805
63
2806
38
2806
39
2806
40
2806
41
2806
42
2806
43
2806
44
2806
45
2806
46
2806
47
2806
48
2806
49
2806
50
2806
51
2806
52
2806
53
2806
54
2806
55
2806
56
2806
57
2806
58
2806
59
2806
60
2806
61
2807
38
2807
39
2807
40
2807
41
2807
42
2807
43
2807
44
2807
45
2807
46
2807
47
2807
48
2807
49
2807
50
2807
51
2807
52
2807
53
2807
54
2807
55
2807
56
2807
57
2807
58
2807
59
2807
60
2808
39
2808
40
2808
41
2808
42
2808
43
2808
44
2808
45
2808
46
2808
47
2808
48
2808
49
2808
50
2808
51
2808
52
2808
53
2808
54
2808
55
2808
56
2808
57
2808
58
2808
59
2809
39
2809
40
2809
41
2809
42
2809
43
2809
44
2809
45
2809
46
2809
47
2809
48
2809
49
2809
50
2809
51
2809
52
2809
53
2809
54
2809
55
2809
56
2809
57
2809
58
2810
40
2810
41
2810
42
2810
43
2810
44
2810
45
2810
46
2810
47
2810
48
2810
49
2810
50
2810
51
2810
52
2810
53
2810
54
2810
55
2810
56
2811
41
2811
42
2811
43
2811
44
2811
45
2811
46
2811
47
2811
48
2811
49
2811
50
2811
51
2811
52
2812
45
2812
46
2812
47
2812
48
2812
49
0
2958
31
2958
32
2959
31
2959
32
2959
33
0
2968
199
2969
199
2970
199
0
2994
257
2994
258
2994
259
2995
257
2995
258
2995
259
2996
257
2996
258
2997
257
0
3029
2
3029
3
3029
4
3029
5
3029
6
3029
7
3030
3
3030
4
3030
5
3030
6
3030
7
3031
4
3031
5
3031
6
3031
7
3032
5
3032
6
3033
5
3033
6
3033
7
3034
5
3034
6
3034
7
3035
6
0
3049
61
3050
60
3050
61
0
3146
12
3147
12
3147
13
3148
12
3148
13
3149
12
3149
13
3150
12
3150
13
3151
12
3151
13
3152
11
3152
12
3152
13
3153
11
3153
12
3153
13
3153
14
3154
11
3154
12
3154
13
3154
14
3155
11
3155
12
3155
13
3155
14
3156
11
3156
12
3156
13
3157
10
3157
11
3157
12
3157
13
3158
10
3158
11
3158
12
3158
13
3159
10
3159
11
3159
12
3160
11
0
3178
1
3179
1
3179
2
3180
1
3181
1
3182
1
3183
1
0
3178
5
3179
4
3179
5
3179
6
3180
6
3181
6
0
3264
6
3264
7
3265
5
3265
6
3265
7
3266
5
3266
6
3266
7
3266
9
3267
5
3267
6
3267
7
3267
8
3267
9
3267
10
3267
11
3268
5
3268
6
3268
7
3268
8
3268
9
3268
10
3268
11
3269
5
3269
6
3269
7
3269
8
3269
9
3269
10
3269
11
3269
12
3270
5
3270
6
3270
7
3270
8
3270
9
3270
10
3270
11
3270
12
3271
6
3271
7
3271
9
3271
10
3271
11
3271
12
3271
13
3272
6
3272
7
3272
9
3272
10
3272
11
3272
12
3272
13
3273
9
3273
10
3273
11
3273
12
3273
13
3274
10
3274
11
3274
12
3274
13
3275
10
3275
11
3275
12
3275
13
3275
14
3276
10
3276
11
3276
12
3276
13
3276
14
3277
10
3277
11
3277
12
3277
13
3277
14
3278
11
3278
12
3278
13
3278
14
3279
11
3279
12
3279
13
3279
14
3280
11
3280
12
3280
13
3280
14
3280
15
3281
11
3281
12
3281
13
3281
14
3281
15
3282
11
3282
12
3282
13
3282
14
3282
15
3283
11
3283
12
3283
13
3283
14
3283
15
3284
11
3284
12
3284
13
3284
14
3284
15
3285
12
3285
13
3285
14
3285
15
3286
12
3286
13
3287
13
0
3300
12
3301
12
3301
13
3302
11
3302
12
3302
13
3302
21
3302
22
3303
11
3303
12
3303
13
3303
14
3303
20
3303
21
3303
22
3304
11
3304
12
3304
13
3304
14
3304
20
3304
21
3304
22
3304
23
3305
11
3305
12
3305
13
3305
14
3305
20
3305
21
3305
22
3305
23
3306
11
3306
12
3306
13
3306
14
3306
20
3306
21
3306
22
3306
23
3307
6
3307
10
3307
11
3307
12
3307
13
3307
14
3307
15
3307
19
3307
20
3307
21
3307
22
3307
23
3307
24
3308
5
3308
6
3308
7
3308
9
3308
10
3308
11
3308
12
3308
13
3308
20
3308
21
3308
22
3308
23
3308
24
3308
25
3309
3
3309
4
3309
5
3309
6
3309
7
3309
9
3309
10
3309
11
3309
12
3309
20
3309
21
3309
22
3309
23
3309
24
3309
25
3309
26
3310
2
3310
3
3310
4
3310
5
3310
6
3310
7
3310
8
3310
9
3310
10
3310
11
3310
20
3310
21
3310
22
3310
23
3310
24
3310
25
3310
26
3311
1
3311
2
3311
3
3311
4
3311
5
3311
6
3311
7
3311
8
3311
9
3311
10
3311
11
3311
12
3311
13
3311
18
3311
19
3311
20
3311
21
3311
22
3311
23
3311
24
3311
25
3311
26
3311
27
3311
28
3311
29
3311
30
3312
1
3312
2
3312
3
3312
4
3312
5
3312
6
3312
7
3312
8
3312
9
3312
10
3312
11
3312
12
3312
13
3312
14
3312
15
3312
16
3312
17
3312
18
3312
19
3312
20
3312
21
3312
22
3312
23
3312
24
3312
25
3312
26
3312
27
3312
28
3312
29
3312
30
3313
1
3313
2
3313
3
3313
4
3313
5
3313
6
3313
7
3313
9
3313
10
3313
11
3313
12
3313
19
3313
20
3313
21
3313
22
3313
23
3313
24
3313
25
3313
26
3313
27
3313
28
3313
29
3313
30
3313
31
3313
32
3314
1
3314
2
3314
3
3314
4
3314
5
3314
6
3314
21
3314
22
3314
23
3314
24
3314
25
3314
26
3314
27
3314
28
3314
29
3314
30
3314
31
3314
32
3315
1
3315
2
3315
3
3315
4
3315
5
3315
6
3315
7
3315
8
3315
9
3315
10
3315
11
3315
22
3315
23
3315
24
3315
25
3315
26
3315
27
3315
28
3315
29
3315
30
3315
31
3315
32
3316
1
3316
2
3316
3
3316
4
3316
5
3316
6
3316
7
3316
8
3316
9
3316
10
3316
24
3316
25
3316
26
3316
27
3316
28
3316
29
3316
30
3316
31
3316
32
3316
33
3317
1
3317
2
3317
3
3317
4
3317
5
3317
6
3317
7
3317
8
3317
9
3317
10
3317
24
3317
25
3317
26
3317
27
3317
28
3317
29
3317
30
3317
31
3317
32
3317
33
3318
1
3318
2
3318
3
3318
4
3318
5
3318
6
3318
7
3318
25
3318
26
3318
27
3318
28
3318
29
3318
30
3318
31
3318
32
3318
33
3319
25
3319
26
3319
27
3319
28
3319
29
3319
30
3319
31
3319
32
3319
33
0
